 result time real space tlim rlim slim
ais10 3 2.39 2.47 8.0 311040000 5000 7000
ais12 3 133.63 134.39 50.0 311040000 5000 7000
ais6 3 0.00 0.01 0.0 311040000 5000 7000
ais8 3 0.00 0.09 0.0 311040000 5000 7000
anomaly 10 0.00 0.01 0.0 311040000 5000 7000
bw_large.a 10 0.00 0.01 0.0 311040000 5000 7000
bw_large.b 3 0.00 0.01 0.0 311040000 5000 7000
bw_large.c 3 0.10 0.20 12.0 311040000 5000 7000
bw_large.d 3 1.42 1.65 25.0 311040000 5000 7000
huge 10 0.00 0.01 0.0 311040000 5000 7000
logistics.a 1 4981.70 5000.05 4.0 311040000 5000 7000
logistics.b 1 4984.49 5000.05 5.0 311040000 5000 7000
logistics.c 1 4979.10 5000.05 5.0 311040000 5000 7000
logistics.d 1 4981.09 5000.05 7.0 311040000 5000 7000
medium 3 0.00 0.01 0.0 311040000 5000 7000
qg1-07 3 0.00 0.03 0.0 311040000 5000 7000
qg1-08 3 2.89 2.99 11.0 311040000 5000 7000
qg2-07 3 0.00 0.03 0.0 311040000 5000 7000
qg2-08 3 1.70 1.80 9.0 311040000 5000 7000
qg3-08 3 0.00 0.03 0.0 311040000 5000 7000
qg3-09 20 1.50 1.60 7.0 311040000 5000 7000
qg4-08 20 0.00 0.02 0.0 311040000 5000 7000
qg4-09 3 1.49 1.54 7.0 311040000 5000 7000
qg5-09 20 0.00 0.01 0.0 311040000 5000 7000
qg5-10 20 0.00 0.01 0.0 311040000 5000 7000
qg5-11 3 0.00 0.03 0.0 311040000 5000 7000
qg5-12 20 0.00 0.06 0.0 311040000 5000 7000
qg5-13 20 1.69 1.79 17.0 311040000 5000 7000
qg6-09 3 0.00 0.01 0.0 311040000 5000 7000
qg6-10 20 0.00 0.02 0.0 311040000 5000 7000
qg6-11 20 0.10 0.14 8.0 311040000 5000 7000
qg6-12 20 1.90 1.96 10.0 311040000 5000 7000
qg7-09 3 0.00 0.01 0.0 311040000 5000 7000
qg7-10 20 0.00 0.01 0.0 311040000 5000 7000
qg7-11 20 0.00 0.04 0.0 311040000 5000 7000
qg7-12 20 0.20 0.31 10.0 311040000 5000 7000
qg7-13 3 3.28 3.38 14.0 311040000 5000 7000
