 result time real space tlim rlim slim
BMS_k3_n100_m429_0 3 0.80 0.83 5.0 311040000 5000 7000
BMS_k3_n100_m429_1 3 0.70 0.74 4.0 311040000 5000 7000
BMS_k3_n100_m429_10 3 27.17 27.39 5.0 311040000 5000 7000
BMS_k3_n100_m429_100 3 0.50 0.61 4.0 311040000 5000 7000
BMS_k3_n100_m429_101 3 548.70 550.89 5.0 311040000 5000 7000
BMS_k3_n100_m429_102 3 34.06 34.28 5.0 311040000 5000 7000
BMS_k3_n100_m429_103 3 0.50 0.52 5.0 311040000 5000 7000
BMS_k3_n100_m429_104 3 0.30 0.38 4.0 311040000 5000 7000
BMS_k3_n100_m429_105 3 0.30 0.32 4.0 311040000 5000 7000
BMS_k3_n100_m429_106 3 5.98 6.08 4.0 311040000 5000 7000
BMS_k3_n100_m429_107 3 573.18 575.76 5.0 311040000 5000 7000
BMS_k3_n100_m429_108 3 0.20 0.31 4.0 311040000 5000 7000
BMS_k3_n100_m429_109 3 0.10 0.14 4.0 311040000 5000 7000
BMS_k3_n100_m429_11 3 0.10 0.11 4.0 311040000 5000 7000
BMS_k3_n100_m429_110 3 4.28 4.31 5.0 311040000 5000 7000
BMS_k3_n100_m429_111 3 0.00 0.11 0.0 311040000 5000 7000
BMS_k3_n100_m429_112 3 0.00 0.09 0.0 311040000 5000 7000
BMS_k3_n100_m429_113 3 7.67 7.76 5.0 311040000 5000 7000
BMS_k3_n100_m429_114 3 0.00 0.04 0.0 311040000 5000 7000
BMS_k3_n100_m429_115 3 0.30 0.34 4.0 311040000 5000 7000
BMS_k3_n100_m429_116 3 0.50 0.58 5.0 311040000 5000 7000
BMS_k3_n100_m429_117 3 0.40 0.47 5.0 311040000 5000 7000
BMS_k3_n100_m429_118 3 0.50 0.55 5.0 311040000 5000 7000
BMS_k3_n100_m429_119 3 91.95 92.41 5.0 311040000 5000 7000
BMS_k3_n100_m429_12 3 1.70 1.81 5.0 311040000 5000 7000
BMS_k3_n100_m429_120 3 1.30 1.38 5.0 311040000 5000 7000
BMS_k3_n100_m429_121 3 0.10 0.11 4.0 311040000 5000 7000
BMS_k3_n100_m429_122 3 0.10 0.13 4.0 311040000 5000 7000
BMS_k3_n100_m429_123 3 0.10 0.19 4.0 311040000 5000 7000
BMS_k3_n100_m429_124 3 25.68 25.89 4.0 311040000 5000 7000
BMS_k3_n100_m429_125 3 724.14 727.26 4.0 311040000 5000 7000
BMS_k3_n100_m429_126 3 0.10 0.13 4.0 311040000 5000 7000
BMS_k3_n100_m429_127 3 0.30 0.36 5.0 311040000 5000 7000
BMS_k3_n100_m429_128 3 0.20 0.29 5.0 311040000 5000 7000
BMS_k3_n100_m429_129 3 1.00 1.07 5.0 311040000 5000 7000
BMS_k3_n100_m429_13 3 0.30 0.37 5.0 311040000 5000 7000
BMS_k3_n100_m429_130 3 0.30 0.36 4.0 311040000 5000 7000
BMS_k3_n100_m429_131 3 0.99 1.05 5.0 311040000 5000 7000
BMS_k3_n100_m429_132 3 75.32 75.77 4.0 311040000 5000 7000
BMS_k3_n100_m429_133 3 795.22 797.82 4.0 311040000 5000 7000
BMS_k3_n100_m429_134 3 0.10 0.12 4.0 311040000 5000 7000
BMS_k3_n100_m429_135 3 0.30 0.39 4.0 311040000 5000 7000
BMS_k3_n100_m429_136 3 0.20 0.29 5.0 311040000 5000 7000
BMS_k3_n100_m429_137 3 3.29 3.40 5.0 311040000 5000 7000
BMS_k3_n100_m429_138 3 97.97 98.32 6.0 311040000 5000 7000
BMS_k3_n100_m429_139 3 1.00 1.10 4.0 311040000 5000 7000
BMS_k3_n100_m429_14 3 3.99 4.06 4.0 311040000 5000 7000
BMS_k3_n100_m429_140 3 0.10 0.20 4.0 311040000 5000 7000
BMS_k3_n100_m429_141 3 0.20 0.30 4.0 311040000 5000 7000
BMS_k3_n100_m429_142 3 0.20 0.28 4.0 311040000 5000 7000
BMS_k3_n100_m429_143 3 0.50 0.53 4.0 311040000 5000 7000
BMS_k3_n100_m429_144 3 0.10 0.12 4.0 311040000 5000 7000
BMS_k3_n100_m429_145 3 0.40 0.41 4.0 311040000 5000 7000
BMS_k3_n100_m429_146 3 0.20 0.30 5.0 311040000 5000 7000
BMS_k3_n100_m429_147 3 0.20 0.24 4.0 311040000 5000 7000
BMS_k3_n100_m429_148 3 1.50 1.61 4.0 311040000 5000 7000
BMS_k3_n100_m429_149 3 0.40 0.45 5.0 311040000 5000 7000
BMS_k3_n100_m429_15 3 0.10 0.17 4.0 311040000 5000 7000
BMS_k3_n100_m429_150 3 1.00 1.07 5.0 311040000 5000 7000
BMS_k3_n100_m429_151 3 0.10 0.20 4.0 311040000 5000 7000
BMS_k3_n100_m429_152 3 1.80 1.87 4.0 311040000 5000 7000
BMS_k3_n100_m429_153 3 0.20 0.24 4.0 311040000 5000 7000
BMS_k3_n100_m429_154 3 0.10 0.13 4.0 311040000 5000 7000
BMS_k3_n100_m429_155 3 0.10 0.18 4.0 311040000 5000 7000
BMS_k3_n100_m429_156 3 0.20 0.26 4.0 311040000 5000 7000
BMS_k3_n100_m429_157 3 26.98 27.18 4.0 311040000 5000 7000
BMS_k3_n100_m429_158 3 0.10 0.18 4.0 311040000 5000 7000
BMS_k3_n100_m429_159 3 0.30 0.40 4.0 311040000 5000 7000
BMS_k3_n100_m429_16 3 0.40 0.41 5.0 311040000 5000 7000
BMS_k3_n100_m429_160 3 0.50 0.57 4.0 311040000 5000 7000
BMS_k3_n100_m429_161 3 277.92 279.10 4.0 311040000 5000 7000
BMS_k3_n100_m429_162 3 0.90 1.01 6.0 311040000 5000 7000
BMS_k3_n100_m429_163 3 0.38 0.48 4.0 311040000 5000 7000
BMS_k3_n100_m429_164 3 0.10 0.17 4.0 311040000 5000 7000
BMS_k3_n100_m429_165 3 0.10 0.13 4.0 311040000 5000 7000
BMS_k3_n100_m429_166 3 0.10 0.16 4.0 311040000 5000 7000
BMS_k3_n100_m429_167 3 1.60 1.69 4.0 311040000 5000 7000
BMS_k3_n100_m429_168 3 0.30 0.41 4.0 311040000 5000 7000
BMS_k3_n100_m429_169 3 0.70 0.75 4.0 311040000 5000 7000
BMS_k3_n100_m429_17 3 0.00 0.08 0.0 311040000 5000 7000
BMS_k3_n100_m429_170 3 10.64 10.78 4.0 311040000 5000 7000
BMS_k3_n100_m429_171 3 0.20 0.28 4.0 311040000 5000 7000
BMS_k3_n100_m429_172 3 2710.07 2719.20 5.0 311040000 5000 7000
BMS_k3_n100_m429_173 3 0.00 0.10 0.0 311040000 5000 7000
BMS_k3_n100_m429_174 3 6.98 7.03 4.0 311040000 5000 7000
BMS_k3_n100_m429_175 3 0.50 0.52 4.0 311040000 5000 7000
BMS_k3_n100_m429_176 3 0.60 0.69 5.0 311040000 5000 7000
BMS_k3_n100_m429_177 3 0.20 0.22 4.0 311040000 5000 7000
BMS_k3_n100_m429_178 3 0.00 0.08 0.0 311040000 5000 7000
BMS_k3_n100_m429_179 3 3387.14 3400.39 6.0 311040000 5000 7000
BMS_k3_n100_m429_18 3 0.80 0.82 4.0 311040000 5000 7000
BMS_k3_n100_m429_180 3 0.30 0.40 5.0 311040000 5000 7000
BMS_k3_n100_m429_181 3 0.30 0.40 4.0 311040000 5000 7000
BMS_k3_n100_m429_182 3 96.56 96.97 5.0 311040000 5000 7000
BMS_k3_n100_m429_183 3 0.20 0.26 4.0 311040000 5000 7000
BMS_k3_n100_m429_184 3 0.10 0.12 4.0 311040000 5000 7000
BMS_k3_n100_m429_185 3 0.10 0.15 4.0 311040000 5000 7000
BMS_k3_n100_m429_186 3 0.30 0.31 5.0 311040000 5000 7000
BMS_k3_n100_m429_187 3 2.69 2.77 4.0 311040000 5000 7000
BMS_k3_n100_m429_188 3 223.66 224.66 5.0 311040000 5000 7000
BMS_k3_n100_m429_189 3 0.40 0.49 5.0 311040000 5000 7000
BMS_k3_n100_m429_19 3 3.19 3.25 4.0 311040000 5000 7000
BMS_k3_n100_m429_190 3 0.20 0.29 4.0 311040000 5000 7000
BMS_k3_n100_m429_191 3 0.10 0.17 4.0 311040000 5000 7000
BMS_k3_n100_m429_192 3 4.49 4.52 4.0 311040000 5000 7000
BMS_k3_n100_m429_193 3 0.20 0.27 4.0 311040000 5000 7000
BMS_k3_n100_m429_194 3 0.10 0.19 4.0 311040000 5000 7000
BMS_k3_n100_m429_195 3 0.30 0.37 5.0 311040000 5000 7000
BMS_k3_n100_m429_196 3 0.40 0.45 4.0 311040000 5000 7000
BMS_k3_n100_m429_197 3 0.20 0.30 4.0 311040000 5000 7000
BMS_k3_n100_m429_198 3 0.00 0.08 0.0 311040000 5000 7000
BMS_k3_n100_m429_199 3 0.10 0.17 4.0 311040000 5000 7000
BMS_k3_n100_m429_2 3 0.00 0.11 0.0 311040000 5000 7000
BMS_k3_n100_m429_20 3 0.20 0.23 4.0 311040000 5000 7000
BMS_k3_n100_m429_200 3 0.90 0.94 4.0 311040000 5000 7000
BMS_k3_n100_m429_201 3 0.10 0.17 4.0 311040000 5000 7000
BMS_k3_n100_m429_202 3 0.40 0.47 5.0 311040000 5000 7000
BMS_k3_n100_m429_203 3 0.20 0.22 4.0 311040000 5000 7000
BMS_k3_n100_m429_204 3 0.60 0.67 4.0 311040000 5000 7000
BMS_k3_n100_m429_205 3 147.57 148.36 4.0 311040000 5000 7000
BMS_k3_n100_m429_206 3 2.19 2.27 5.0 311040000 5000 7000
BMS_k3_n100_m429_207 3 6.07 6.14 4.0 311040000 5000 7000
BMS_k3_n100_m429_208 3 108.85 109.37 5.0 311040000 5000 7000
BMS_k3_n100_m429_209 3 0.40 0.48 5.0 311040000 5000 7000
BMS_k3_n100_m429_21 3 11.14 11.29 4.0 311040000 5000 7000
BMS_k3_n100_m429_210 3 287.25 288.32 5.0 311040000 5000 7000
BMS_k3_n100_m429_211 3 0.10 0.13 4.0 311040000 5000 7000
BMS_k3_n100_m429_212 3 0.20 0.24 4.0 311040000 5000 7000
BMS_k3_n100_m429_213 3 46.59 46.81 4.0 311040000 5000 7000
BMS_k3_n100_m429_214 3 0.20 0.23 4.0 311040000 5000 7000
BMS_k3_n100_m429_215 3 0.00 0.07 0.0 311040000 5000 7000
BMS_k3_n100_m429_216 3 0.10 0.17 4.0 311040000 5000 7000
BMS_k3_n100_m429_217 3 0.00 0.08 0.0 311040000 5000 7000
BMS_k3_n100_m429_218 3 1.10 1.20 6.0 311040000 5000 7000
BMS_k3_n100_m429_219 3 0.10 0.14 4.0 311040000 5000 7000
BMS_k3_n100_m429_22 3 15.65 15.76 4.0 311040000 5000 7000
BMS_k3_n100_m429_220 3 0.70 0.73 5.0 311040000 5000 7000
BMS_k3_n100_m429_221 3 1003.04 1006.89 5.0 311040000 5000 7000
BMS_k3_n100_m429_222 3 1.10 1.13 4.0 311040000 5000 7000
BMS_k3_n100_m429_223 3 0.20 0.24 5.0 311040000 5000 7000
BMS_k3_n100_m429_224 3 3.68 3.76 5.0 311040000 5000 7000
BMS_k3_n100_m429_225 3 0.20 0.29 4.0 311040000 5000 7000
BMS_k3_n100_m429_226 3 0.30 0.40 4.0 311040000 5000 7000
BMS_k3_n100_m429_227 3 0.30 0.33 5.0 311040000 5000 7000
BMS_k3_n100_m429_228 3 0.30 0.40 4.0 311040000 5000 7000
BMS_k3_n100_m429_229 3 21.42 21.53 5.0 311040000 5000 7000
BMS_k3_n100_m429_23 3 0.50 0.56 5.0 311040000 5000 7000
BMS_k3_n100_m429_230 3 0.10 0.11 4.0 311040000 5000 7000
BMS_k3_n100_m429_231 3 166.23 166.89 4.0 311040000 5000 7000
BMS_k3_n100_m429_232 3 0.20 0.24 4.0 311040000 5000 7000
BMS_k3_n100_m429_233 3 0.90 0.94 6.0 311040000 5000 7000
BMS_k3_n100_m429_234 3 0.69 0.78 5.0 311040000 5000 7000
BMS_k3_n100_m429_235 3 0.30 0.41 5.0 311040000 5000 7000
BMS_k3_n100_m429_236 3 0.70 0.78 5.0 311040000 5000 7000
BMS_k3_n100_m429_237 3 0.00 0.10 0.0 311040000 5000 7000
BMS_k3_n100_m429_238 3 0.10 0.14 4.0 311040000 5000 7000
BMS_k3_n100_m429_239 3 0.10 0.16 4.0 311040000 5000 7000
BMS_k3_n100_m429_24 3 0.17 0.24 4.0 311040000 5000 7000
BMS_k3_n100_m429_240 3 0.20 0.29 5.0 311040000 5000 7000
BMS_k3_n100_m429_241 3 0.80 0.89 4.0 311040000 5000 7000
BMS_k3_n100_m429_242 3 0.30 0.35 4.0 311040000 5000 7000
BMS_k3_n100_m429_243 3 4.78 4.82 5.0 311040000 5000 7000
BMS_k3_n100_m429_244 3 0.40 0.47 4.0 311040000 5000 7000
BMS_k3_n100_m429_245 3 0.20 0.25 4.0 311040000 5000 7000
BMS_k3_n100_m429_246 3 0.30 0.32 4.0 311040000 5000 7000
BMS_k3_n100_m429_247 3 0.10 0.11 4.0 311040000 5000 7000
BMS_k3_n100_m429_248 3 4.78 4.86 4.0 311040000 5000 7000
BMS_k3_n100_m429_249 3 6.87 6.92 5.0 311040000 5000 7000
BMS_k3_n100_m429_25 3 0.10 0.12 4.0 311040000 5000 7000
BMS_k3_n100_m429_250 3 0.20 0.31 4.0 311040000 5000 7000
BMS_k3_n100_m429_251 3 0.40 0.50 5.0 311040000 5000 7000
BMS_k3_n100_m429_252 3 1.49 1.56 6.0 311040000 5000 7000
BMS_k3_n100_m429_253 3 0.10 0.17 4.0 311040000 5000 7000
BMS_k3_n100_m429_254 3 0.10 0.20 4.0 311040000 5000 7000
BMS_k3_n100_m429_255 3 0.50 0.51 5.0 311040000 5000 7000
BMS_k3_n100_m429_256 3 0.40 0.46 4.0 311040000 5000 7000
BMS_k3_n100_m429_257 3 18.43 18.52 4.0 311040000 5000 7000
BMS_k3_n100_m429_258 3 7.77 7.83 5.0 311040000 5000 7000
BMS_k3_n100_m429_259 3 0.90 0.98 5.0 311040000 5000 7000
BMS_k3_n100_m429_26 3 0.70 0.75 4.0 311040000 5000 7000
BMS_k3_n100_m429_260 3 147.29 147.94 5.0 311040000 5000 7000
BMS_k3_n100_m429_261 3 0.80 0.89 5.0 311040000 5000 7000
BMS_k3_n100_m429_262 3 3.09 3.13 4.0 311040000 5000 7000
BMS_k3_n100_m429_263 3 0.20 0.25 4.0 311040000 5000 7000
BMS_k3_n100_m429_264 3 0.10 0.17 4.0 311040000 5000 7000
BMS_k3_n100_m429_265 3 0.20 0.31 4.0 311040000 5000 7000
BMS_k3_n100_m429_266 3 1.39 1.51 6.0 311040000 5000 7000
BMS_k3_n100_m429_267 3 0.10 0.12 4.0 311040000 5000 7000
BMS_k3_n100_m429_268 3 0.30 0.35 5.0 311040000 5000 7000
BMS_k3_n100_m429_269 3 0.40 0.49 4.0 311040000 5000 7000
BMS_k3_n100_m429_27 3 15.83 16.00 5.0 311040000 5000 7000
BMS_k3_n100_m429_270 3 0.20 0.29 4.0 311040000 5000 7000
BMS_k3_n100_m429_271 3 0.10 0.15 4.0 311040000 5000 7000
BMS_k3_n100_m429_272 3 0.20 0.26 4.0 311040000 5000 7000
BMS_k3_n100_m429_273 3 0.30 0.38 4.0 311040000 5000 7000
BMS_k3_n100_m429_274 3 1285.00 1289.75 4.0 311040000 5000 7000
BMS_k3_n100_m429_275 3 0.20 0.29 4.0 311040000 5000 7000
BMS_k3_n100_m429_276 3 0.80 0.81 5.0 311040000 5000 7000
BMS_k3_n100_m429_277 3 0.20 0.22 4.0 311040000 5000 7000
BMS_k3_n100_m429_278 3 3989.39 4001.85 4.0 311040000 5000 7000
BMS_k3_n100_m429_279 3 0.70 0.76 6.0 311040000 5000 7000
BMS_k3_n100_m429_28 3 596.68 599.19 4.0 311040000 5000 7000
BMS_k3_n100_m429_280 3 16.64 16.74 5.0 311040000 5000 7000
BMS_k3_n100_m429_281 3 0.40 0.45 4.0 311040000 5000 7000
BMS_k3_n100_m429_282 3 0.10 0.19 4.0 311040000 5000 7000
BMS_k3_n100_m429_283 3 0.20 0.28 4.0 311040000 5000 7000
BMS_k3_n100_m429_284 3 0.60 0.67 4.0 311040000 5000 7000
BMS_k3_n100_m429_285 3 0.20 0.25 5.0 311040000 5000 7000
BMS_k3_n100_m429_286 3 0.10 0.15 4.0 311040000 5000 7000
BMS_k3_n100_m429_287 3 0.00 0.10 0.0 311040000 5000 7000
BMS_k3_n100_m429_288 3 0.00 0.08 0.0 311040000 5000 7000
BMS_k3_n100_m429_289 3 7.47 7.57 4.0 311040000 5000 7000
BMS_k3_n100_m429_29 3 0.50 0.54 5.0 311040000 5000 7000
BMS_k3_n100_m429_290 3 0.60 0.64 4.0 311040000 5000 7000
BMS_k3_n100_m429_291 3 0.10 0.15 4.0 311040000 5000 7000
BMS_k3_n100_m429_292 3 0.50 0.55 5.0 311040000 5000 7000
BMS_k3_n100_m429_293 3 0.20 0.24 4.0 311040000 5000 7000
BMS_k3_n100_m429_294 3 0.00 0.10 0.0 311040000 5000 7000
BMS_k3_n100_m429_295 3 0.50 0.57 4.0 311040000 5000 7000
BMS_k3_n100_m429_296 3 0.10 0.14 4.0 311040000 5000 7000
BMS_k3_n100_m429_297 3 0.20 0.25 4.0 311040000 5000 7000
BMS_k3_n100_m429_298 3 0.20 0.21 4.0 311040000 5000 7000
BMS_k3_n100_m429_299 3 0.20 0.26 4.0 311040000 5000 7000
BMS_k3_n100_m429_3 3 0.20 0.29 4.0 311040000 5000 7000
BMS_k3_n100_m429_30 1 4981.63 5000.05 3.0 311040000 5000 7000
BMS_k3_n100_m429_300 3 0.10 0.11 4.0 311040000 5000 7000
BMS_k3_n100_m429_301 3 0.80 0.82 4.0 311040000 5000 7000
BMS_k3_n100_m429_302 3 0.40 0.50 5.0 311040000 5000 7000
BMS_k3_n100_m429_303 1 4984.09 5000.05 3.0 311040000 5000 7000
BMS_k3_n100_m429_304 3 2.30 2.37 4.0 311040000 5000 7000
BMS_k3_n100_m429_305 3 0.30 0.38 4.0 311040000 5000 7000
BMS_k3_n100_m429_306 3 7.77 7.84 4.0 311040000 5000 7000
BMS_k3_n100_m429_307 3 1.40 1.49 5.0 311040000 5000 7000
BMS_k3_n100_m429_308 3 508.07 510.44 5.0 311040000 5000 7000
BMS_k3_n100_m429_309 3 6.87 6.98 4.0 311040000 5000 7000
BMS_k3_n100_m429_31 3 0.30 0.37 4.0 311040000 5000 7000
BMS_k3_n100_m429_310 3 0.10 0.19 4.0 311040000 5000 7000
BMS_k3_n100_m429_311 3 0.10 0.19 4.0 311040000 5000 7000
BMS_k3_n100_m429_312 3 0.20 0.24 4.0 311040000 5000 7000
BMS_k3_n100_m429_313 3 2590.85 2599.45 5.0 311040000 5000 7000
BMS_k3_n100_m429_314 3 0.10 0.12 4.0 311040000 5000 7000
BMS_k3_n100_m429_315 3 0.10 0.11 4.0 311040000 5000 7000
BMS_k3_n100_m429_316 3 0.20 0.23 4.0 311040000 5000 7000
BMS_k3_n100_m429_317 3 0.40 0.43 4.0 311040000 5000 7000
BMS_k3_n100_m429_318 3 0.00 0.10 0.0 311040000 5000 7000
BMS_k3_n100_m429_319 3 0.50 0.58 5.0 311040000 5000 7000
BMS_k3_n100_m429_32 3 5.38 5.47 5.0 311040000 5000 7000
BMS_k3_n100_m429_320 3 2.89 2.96 6.0 311040000 5000 7000
BMS_k3_n100_m429_321 3 0.20 0.25 4.0 311040000 5000 7000
BMS_k3_n100_m429_322 3 874.32 877.15 5.0 311040000 5000 7000
BMS_k3_n100_m429_323 3 31.48 31.66 4.0 311040000 5000 7000
BMS_k3_n100_m429_324 3 0.20 0.21 4.0 311040000 5000 7000
BMS_k3_n100_m429_325 3 1.10 1.17 4.0 311040000 5000 7000
BMS_k3_n100_m429_326 3 0.00 0.11 0.0 311040000 5000 7000
BMS_k3_n100_m429_327 3 0.00 0.11 0.0 311040000 5000 7000
BMS_k3_n100_m429_328 3 0.10 0.19 4.0 311040000 5000 7000
BMS_k3_n100_m429_329 3 0.10 0.20 4.0 311040000 5000 7000
BMS_k3_n100_m429_33 3 1.99 2.07 5.0 311040000 5000 7000
BMS_k3_n100_m429_330 3 0.50 0.52 5.0 311040000 5000 7000
BMS_k3_n100_m429_331 3 0.10 0.21 4.0 311040000 5000 7000
BMS_k3_n100_m429_332 3 0.30 0.33 4.0 311040000 5000 7000
BMS_k3_n100_m429_333 3 0.10 0.14 4.0 311040000 5000 7000
BMS_k3_n100_m429_334 3 0.10 0.12 4.0 311040000 5000 7000
BMS_k3_n100_m429_335 3 0.40 0.50 5.0 311040000 5000 7000
BMS_k3_n100_m429_336 3 0.20 0.30 5.0 311040000 5000 7000
BMS_k3_n100_m429_337 3 0.20 0.22 4.0 311040000 5000 7000
BMS_k3_n100_m429_338 3 0.10 0.19 4.0 311040000 5000 7000
BMS_k3_n100_m429_339 3 0.10 0.16 4.0 311040000 5000 7000
BMS_k3_n100_m429_34 3 0.20 0.25 4.0 311040000 5000 7000
BMS_k3_n100_m429_340 3 0.10 0.12 4.0 311040000 5000 7000
BMS_k3_n100_m429_341 3 3.38 3.45 6.0 311040000 5000 7000
BMS_k3_n100_m429_342 3 0.60 0.64 5.0 311040000 5000 7000
BMS_k3_n100_m429_343 3 86.89 87.31 5.0 311040000 5000 7000
BMS_k3_n100_m429_344 3 0.20 0.24 4.0 311040000 5000 7000
BMS_k3_n100_m429_345 3 0.70 0.72 4.0 311040000 5000 7000
BMS_k3_n100_m429_346 3 0.00 0.08 0.0 311040000 5000 7000
BMS_k3_n100_m429_347 3 0.90 0.99 6.0 311040000 5000 7000
BMS_k3_n100_m429_348 3 0.30 0.32 4.0 311040000 5000 7000
BMS_k3_n100_m429_349 3 1779.99 1787.61 5.0 311040000 5000 7000
BMS_k3_n100_m429_35 3 0.20 0.24 4.0 311040000 5000 7000
BMS_k3_n100_m429_350 3 1.99 2.11 5.0 311040000 5000 7000
BMS_k3_n100_m429_351 3 0.40 0.51 5.0 311040000 5000 7000
BMS_k3_n100_m429_352 3 0.00 0.09 0.0 311040000 5000 7000
BMS_k3_n100_m429_353 3 0.10 0.12 4.0 311040000 5000 7000
BMS_k3_n100_m429_354 3 0.10 0.19 4.0 311040000 5000 7000
BMS_k3_n100_m429_355 3 5.48 5.55 6.0 311040000 5000 7000
BMS_k3_n100_m429_356 3 0.30 0.31 4.0 311040000 5000 7000
BMS_k3_n100_m429_357 3 1.70 1.74 5.0 311040000 5000 7000
BMS_k3_n100_m429_358 3 0.50 0.59 5.0 311040000 5000 7000
BMS_k3_n100_m429_359 3 35.75 35.94 5.0 311040000 5000 7000
BMS_k3_n100_m429_36 3 1.60 1.61 4.0 311040000 5000 7000
BMS_k3_n100_m429_360 3 1.80 1.82 4.0 311040000 5000 7000
BMS_k3_n100_m429_361 3 0.10 0.14 4.0 311040000 5000 7000
BMS_k3_n100_m429_362 3 0.10 0.12 4.0 311040000 5000 7000
BMS_k3_n100_m429_363 3 0.20 0.23 4.0 311040000 5000 7000
BMS_k3_n100_m429_364 3 0.40 0.43 5.0 311040000 5000 7000
BMS_k3_n100_m429_365 3 0.30 0.31 4.0 311040000 5000 7000
BMS_k3_n100_m429_366 3 0.10 0.17 4.0 311040000 5000 7000
BMS_k3_n100_m429_367 3 13.55 13.68 5.0 311040000 5000 7000
BMS_k3_n100_m429_368 3 54.90 55.15 5.0 311040000 5000 7000
BMS_k3_n100_m429_369 3 0.20 0.31 4.0 311040000 5000 7000
BMS_k3_n100_m429_37 3 0.50 0.51 5.0 311040000 5000 7000
BMS_k3_n100_m429_370 3 0.70 0.72 4.0 311040000 5000 7000
BMS_k3_n100_m429_371 3 0.20 0.21 4.0 311040000 5000 7000
BMS_k3_n100_m429_372 3 0.40 0.46 4.0 311040000 5000 7000
BMS_k3_n100_m429_373 3 0.00 0.07 0.0 311040000 5000 7000
BMS_k3_n100_m429_374 3 24.38 24.60 4.0 311040000 5000 7000
BMS_k3_n100_m429_375 3 0.10 0.15 4.0 311040000 5000 7000
BMS_k3_n100_m429_376 3 0.20 0.21 4.0 311040000 5000 7000
BMS_k3_n100_m429_377 3 0.60 0.65 5.0 311040000 5000 7000
BMS_k3_n100_m429_378 3 98.79 99.29 4.0 311040000 5000 7000
BMS_k3_n100_m429_379 3 0.10 0.15 4.0 311040000 5000 7000
BMS_k3_n100_m429_38 3 1.20 1.25 5.0 311040000 5000 7000
BMS_k3_n100_m429_380 3 0.30 0.39 4.0 311040000 5000 7000
BMS_k3_n100_m429_381 3 7.57 7.63 5.0 311040000 5000 7000
BMS_k3_n100_m429_382 3 0.20 0.26 4.0 311040000 5000 7000
BMS_k3_n100_m429_383 3 0.70 0.72 4.0 311040000 5000 7000
BMS_k3_n100_m429_384 3 0.40 0.42 4.0 311040000 5000 7000
BMS_k3_n100_m429_385 3 335.82 337.31 5.0 311040000 5000 7000
BMS_k3_n100_m429_386 3 350.21 351.80 4.0 311040000 5000 7000
BMS_k3_n100_m429_387 3 102.01 102.49 5.0 311040000 5000 7000
BMS_k3_n100_m429_388 3 0.10 0.18 4.0 311040000 5000 7000
BMS_k3_n100_m429_389 3 0.30 0.32 4.0 311040000 5000 7000
BMS_k3_n100_m429_39 3 0.10 0.20 4.0 311040000 5000 7000
BMS_k3_n100_m429_390 3 0.20 0.25 5.0 311040000 5000 7000
BMS_k3_n100_m429_391 3 0.30 0.40 5.0 311040000 5000 7000
BMS_k3_n100_m429_392 3 189.80 190.59 4.0 311040000 5000 7000
BMS_k3_n100_m429_393 3 0.10 0.13 4.0 311040000 5000 7000
BMS_k3_n100_m429_394 3 0.20 0.30 4.0 311040000 5000 7000
BMS_k3_n100_m429_395 3 149.29 149.82 4.0 311040000 5000 7000
BMS_k3_n100_m429_396 3 0.80 0.90 4.0 311040000 5000 7000
BMS_k3_n100_m429_397 3 0.10 0.16 4.0 311040000 5000 7000
BMS_k3_n100_m429_398 3 0.40 0.42 4.0 311040000 5000 7000
BMS_k3_n100_m429_399 3 4.58 4.63 5.0 311040000 5000 7000
BMS_k3_n100_m429_4 3 0.20 0.24 4.0 311040000 5000 7000
BMS_k3_n100_m429_40 3 0.00 0.09 0.0 311040000 5000 7000
BMS_k3_n100_m429_400 3 0.00 0.10 0.0 311040000 5000 7000
BMS_k3_n100_m429_401 3 1.10 1.12 4.0 311040000 5000 7000
BMS_k3_n100_m429_402 3 0.10 0.20 4.0 311040000 5000 7000
BMS_k3_n100_m429_403 3 0.20 0.31 5.0 311040000 5000 7000
BMS_k3_n100_m429_404 3 0.00 0.08 0.0 311040000 5000 7000
BMS_k3_n100_m429_405 3 0.30 0.32 5.0 311040000 5000 7000
BMS_k3_n100_m429_406 3 0.30 0.39 4.0 311040000 5000 7000
BMS_k3_n100_m429_407 3 8.07 8.16 4.0 311040000 5000 7000
BMS_k3_n100_m429_408 3 208.18 208.81 4.0 311040000 5000 7000
BMS_k3_n100_m429_409 3 0.20 0.23 4.0 311040000 5000 7000
BMS_k3_n100_m429_41 3 0.20 0.24 4.0 311040000 5000 7000
BMS_k3_n100_m429_410 3 0.60 0.62 5.0 311040000 5000 7000
BMS_k3_n100_m429_411 3 0.20 0.22 5.0 311040000 5000 7000
BMS_k3_n100_m429_412 3 0.10 0.20 4.0 311040000 5000 7000
BMS_k3_n100_m429_413 3 0.40 0.48 5.0 311040000 5000 7000
BMS_k3_n100_m429_414 3 6.98 7.09 4.0 311040000 5000 7000
BMS_k3_n100_m429_415 3 6.37 6.41 6.0 311040000 5000 7000
BMS_k3_n100_m429_416 3 0.10 0.11 4.0 311040000 5000 7000
BMS_k3_n100_m429_417 3 0.50 0.51 5.0 311040000 5000 7000
BMS_k3_n100_m429_418 3 0.80 0.87 4.0 311040000 5000 7000
BMS_k3_n100_m429_419 3 0.40 0.48 5.0 311040000 5000 7000
BMS_k3_n100_m429_42 3 0.20 0.30 4.0 311040000 5000 7000
BMS_k3_n100_m429_420 3 2.89 3.00 4.0 311040000 5000 7000
BMS_k3_n100_m429_421 3 3.39 3.42 6.0 311040000 5000 7000
BMS_k3_n100_m429_422 3 0.20 0.26 5.0 311040000 5000 7000
BMS_k3_n100_m429_423 3 0.00 0.09 0.0 311040000 5000 7000
BMS_k3_n100_m429_424 3 0.10 0.15 4.0 311040000 5000 7000
BMS_k3_n100_m429_425 3 6.48 6.59 4.0 311040000 5000 7000
BMS_k3_n100_m429_426 3 6.16 6.27 5.0 311040000 5000 7000
BMS_k3_n100_m429_427 3 0.20 0.24 4.0 311040000 5000 7000
BMS_k3_n100_m429_428 3 0.70 0.78 5.0 311040000 5000 7000
BMS_k3_n100_m429_429 3 0.30 0.36 4.0 311040000 5000 7000
BMS_k3_n100_m429_43 3 138.16 138.84 4.0 311040000 5000 7000
BMS_k3_n100_m429_430 3 0.10 0.13 4.0 311040000 5000 7000
BMS_k3_n100_m429_431 3 1.00 1.08 5.0 311040000 5000 7000
BMS_k3_n100_m429_432 3 0.00 0.07 0.0 311040000 5000 7000
BMS_k3_n100_m429_433 3 0.20 0.23 4.0 311040000 5000 7000
BMS_k3_n100_m429_434 3 0.10 0.13 4.0 311040000 5000 7000
BMS_k3_n100_m429_435 3 0.10 0.12 4.0 311040000 5000 7000
BMS_k3_n100_m429_436 3 26.50 26.69 4.0 311040000 5000 7000
BMS_k3_n100_m429_437 3 0.30 0.33 4.0 311040000 5000 7000
BMS_k3_n100_m429_438 3 1.00 1.11 5.0 311040000 5000 7000
BMS_k3_n100_m429_439 3 14.94 15.09 4.0 311040000 5000 7000
BMS_k3_n100_m429_44 3 0.40 0.46 5.0 311040000 5000 7000
BMS_k3_n100_m429_440 3 11.94 12.03 5.0 311040000 5000 7000
BMS_k3_n100_m429_441 3 0.10 0.17 4.0 311040000 5000 7000
BMS_k3_n100_m429_442 3 5.08 5.16 5.0 311040000 5000 7000
BMS_k3_n100_m429_443 3 1.20 1.30 4.0 311040000 5000 7000
BMS_k3_n100_m429_444 3 0.20 0.30 4.0 311040000 5000 7000
BMS_k3_n100_m429_445 3 7.77 7.90 4.0 311040000 5000 7000
BMS_k3_n100_m429_446 3 0.80 0.84 5.0 311040000 5000 7000
BMS_k3_n100_m429_447 3 0.10 0.17 4.0 311040000 5000 7000
BMS_k3_n100_m429_448 3 0.10 0.20 4.0 311040000 5000 7000
BMS_k3_n100_m429_449 3 0.00 0.08 0.0 311040000 5000 7000
BMS_k3_n100_m429_45 3 0.10 0.20 4.0 311040000 5000 7000
BMS_k3_n100_m429_450 3 0.40 0.43 4.0 311040000 5000 7000
BMS_k3_n100_m429_451 3 0.80 0.83 5.0 311040000 5000 7000
BMS_k3_n100_m429_452 3 7.17 7.30 4.0 311040000 5000 7000
BMS_k3_n100_m429_453 3 24.10 24.30 4.0 311040000 5000 7000
BMS_k3_n100_m429_454 1 4982.45 5000.05 5.0 311040000 5000 7000
BMS_k3_n100_m429_455 3 0.20 0.22 4.0 311040000 5000 7000
BMS_k3_n100_m429_456 3 0.20 0.25 4.0 311040000 5000 7000
BMS_k3_n100_m429_457 3 0.10 0.20 4.0 311040000 5000 7000
BMS_k3_n100_m429_458 3 0.20 0.28 4.0 311040000 5000 7000
BMS_k3_n100_m429_459 3 0.40 0.43 4.0 311040000 5000 7000
BMS_k3_n100_m429_46 3 0.80 0.84 6.0 311040000 5000 7000
BMS_k3_n100_m429_460 3 0.80 0.84 4.0 311040000 5000 7000
BMS_k3_n100_m429_461 3 0.20 0.27 4.0 311040000 5000 7000
BMS_k3_n100_m429_462 3 0.00 0.06 0.0 311040000 5000 7000
BMS_k3_n100_m429_463 3 11.36 11.51 4.0 311040000 5000 7000
BMS_k3_n100_m429_464 3 2.39 2.41 4.0 311040000 5000 7000
BMS_k3_n100_m429_465 3 0.20 0.27 4.0 311040000 5000 7000
BMS_k3_n100_m429_466 3 0.10 0.19 4.0 311040000 5000 7000
BMS_k3_n100_m429_467 3 7.58 7.62 4.0 311040000 5000 7000
BMS_k3_n100_m429_468 3 0.70 0.80 5.0 311040000 5000 7000
BMS_k3_n100_m429_469 3 0.10 0.12 4.0 311040000 5000 7000
BMS_k3_n100_m429_47 3 0.00 0.09 0.0 311040000 5000 7000
BMS_k3_n100_m429_470 3 0.20 0.26 4.0 311040000 5000 7000
BMS_k3_n100_m429_471 3 42.61 42.87 4.0 311040000 5000 7000
BMS_k3_n100_m429_472 3 1.40 1.45 5.0 311040000 5000 7000
BMS_k3_n100_m429_473 3 0.10 0.16 4.0 311040000 5000 7000
BMS_k3_n100_m429_474 3 0.60 0.63 4.0 311040000 5000 7000
BMS_k3_n100_m429_475 3 0.90 0.98 4.0 311040000 5000 7000
BMS_k3_n100_m429_476 3 0.10 0.14 4.0 311040000 5000 7000
BMS_k3_n100_m429_477 3 0.60 0.63 5.0 311040000 5000 7000
BMS_k3_n100_m429_478 3 0.10 0.16 4.0 311040000 5000 7000
BMS_k3_n100_m429_479 3 658.72 660.83 6.0 311040000 5000 7000
BMS_k3_n100_m429_48 3 0.40 0.42 5.0 311040000 5000 7000
BMS_k3_n100_m429_480 3 1187.94 1191.82 5.0 311040000 5000 7000
BMS_k3_n100_m429_481 3 0.80 0.84 4.0 311040000 5000 7000
BMS_k3_n100_m429_482 3 0.30 0.34 4.0 311040000 5000 7000
BMS_k3_n100_m429_483 3 0.10 0.19 4.0 311040000 5000 7000
BMS_k3_n100_m429_484 3 76.89 77.25 4.0 311040000 5000 7000
BMS_k3_n100_m429_485 3 0.10 0.13 4.0 311040000 5000 7000
BMS_k3_n100_m429_486 3 0.10 0.19 4.0 311040000 5000 7000
BMS_k3_n100_m429_487 3 0.30 0.31 4.0 311040000 5000 7000
BMS_k3_n100_m429_488 3 0.60 0.62 4.0 311040000 5000 7000
BMS_k3_n100_m429_489 3 0.10 0.17 4.0 311040000 5000 7000
BMS_k3_n100_m429_49 3 1.89 1.99 5.0 311040000 5000 7000
BMS_k3_n100_m429_490 3 0.60 0.66 5.0 311040000 5000 7000
BMS_k3_n100_m429_491 3 0.40 0.42 5.0 311040000 5000 7000
BMS_k3_n100_m429_492 3 1.39 1.41 5.0 311040000 5000 7000
BMS_k3_n100_m429_493 3 17.73 17.87 4.0 311040000 5000 7000
BMS_k3_n100_m429_494 3 0.10 0.19 4.0 311040000 5000 7000
BMS_k3_n100_m429_495 3 0.10 0.13 4.0 311040000 5000 7000
BMS_k3_n100_m429_496 3 1.69 1.79 6.0 311040000 5000 7000
BMS_k3_n100_m429_497 3 0.30 0.39 4.0 311040000 5000 7000
BMS_k3_n100_m429_498 3 428.76 431.06 4.0 311040000 5000 7000
BMS_k3_n100_m429_499 3 0.10 0.20 4.0 311040000 5000 7000
BMS_k3_n100_m429_5 3 0.60 0.67 5.0 311040000 5000 7000
BMS_k3_n100_m429_50 3 12.36 12.47 5.0 311040000 5000 7000
BMS_k3_n100_m429_51 3 24.80 24.98 5.0 311040000 5000 7000
BMS_k3_n100_m429_52 3 7.28 7.37 4.0 311040000 5000 7000
BMS_k3_n100_m429_53 3 0.40 0.45 5.0 311040000 5000 7000
BMS_k3_n100_m429_54 3 8.17 8.31 4.0 311040000 5000 7000
BMS_k3_n100_m429_55 3 1.30 1.32 5.0 311040000 5000 7000
BMS_k3_n100_m429_56 3 0.00 0.06 0.0 311040000 5000 7000
BMS_k3_n100_m429_57 3 0.20 0.30 4.0 311040000 5000 7000
BMS_k3_n100_m429_58 3 6.07 6.18 4.0 311040000 5000 7000
BMS_k3_n100_m429_59 3 0.60 0.66 5.0 311040000 5000 7000
BMS_k3_n100_m429_6 3 0.70 0.79 5.0 311040000 5000 7000
BMS_k3_n100_m429_60 3 1.50 1.58 6.0 311040000 5000 7000
BMS_k3_n100_m429_61 3 0.20 0.23 4.0 311040000 5000 7000
BMS_k3_n100_m429_62 3 5.38 5.41 3.0 311040000 5000 7000
BMS_k3_n100_m429_63 3 0.20 0.23 4.0 311040000 5000 7000
BMS_k3_n100_m429_64 3 0.20 0.23 4.0 311040000 5000 7000
BMS_k3_n100_m429_65 3 0.10 0.15 4.0 311040000 5000 7000
BMS_k3_n100_m429_66 3 0.70 0.72 4.0 311040000 5000 7000
BMS_k3_n100_m429_67 3 0.10 0.17 4.0 311040000 5000 7000
BMS_k3_n100_m429_68 3 0.20 0.24 4.0 311040000 5000 7000
BMS_k3_n100_m429_69 3 0.60 0.61 5.0 311040000 5000 7000
BMS_k3_n100_m429_7 3 0.30 0.39 5.0 311040000 5000 7000
BMS_k3_n100_m429_70 3 0.80 0.85 5.0 311040000 5000 7000
BMS_k3_n100_m429_71 3 0.10 0.21 4.0 311040000 5000 7000
BMS_k3_n100_m429_72 3 11.06 11.15 5.0 311040000 5000 7000
BMS_k3_n100_m429_73 3 1.10 1.16 6.0 311040000 5000 7000
BMS_k3_n100_m429_74 3 0.70 0.75 4.0 311040000 5000 7000
BMS_k3_n100_m429_75 3 3.99 4.06 4.0 311040000 5000 7000
BMS_k3_n100_m429_76 3 0.10 0.17 4.0 311040000 5000 7000
BMS_k3_n100_m429_77 3 0.10 0.15 4.0 311040000 5000 7000
BMS_k3_n100_m429_78 3 0.40 0.49 5.0 311040000 5000 7000
BMS_k3_n100_m429_79 3 1.19 1.24 5.0 311040000 5000 7000
BMS_k3_n100_m429_8 3 0.30 0.37 4.0 311040000 5000 7000
BMS_k3_n100_m429_80 3 0.10 0.16 4.0 311040000 5000 7000
BMS_k3_n100_m429_81 3 1.30 1.32 5.0 311040000 5000 7000
BMS_k3_n100_m429_82 3 0.30 0.39 4.0 311040000 5000 7000
BMS_k3_n100_m429_83 3 0.60 0.65 5.0 311040000 5000 7000
BMS_k3_n100_m429_84 3 1.49 1.52 6.0 311040000 5000 7000
BMS_k3_n100_m429_85 3 0.40 0.48 4.0 311040000 5000 7000
BMS_k3_n100_m429_86 3 0.30 0.32 4.0 311040000 5000 7000
BMS_k3_n100_m429_87 3 7.46 7.60 4.0 311040000 5000 7000
BMS_k3_n100_m429_88 3 24.72 24.90 4.0 311040000 5000 7000
BMS_k3_n100_m429_89 3 0.40 0.44 4.0 311040000 5000 7000
BMS_k3_n100_m429_9 3 2.49 2.57 4.0 311040000 5000 7000
BMS_k3_n100_m429_90 3 0.10 0.18 4.0 311040000 5000 7000
BMS_k3_n100_m429_91 3 0.00 0.10 0.0 311040000 5000 7000
BMS_k3_n100_m429_92 3 2.49 2.56 4.0 311040000 5000 7000
BMS_k3_n100_m429_93 1 4981.80 5000.05 4.0 311040000 5000 7000
BMS_k3_n100_m429_94 3 0.60 0.68 4.0 311040000 5000 7000
BMS_k3_n100_m429_95 3 0.40 0.42 4.0 311040000 5000 7000
BMS_k3_n100_m429_96 3 0.10 0.21 4.0 311040000 5000 7000
BMS_k3_n100_m429_97 3 0.20 0.30 4.0 311040000 5000 7000
BMS_k3_n100_m429_98 3 0.40 0.45 4.0 311040000 5000 7000
BMS_k3_n100_m429_99 3 3.29 3.36 4.0 311040000 5000 7000
results-BC.csv.xz 10 0.00 0.01 0.0 311040000 5000 7000
