 result time real space tlim rlim slim
BMS_k3_n100_m429_0 3 0.99 1.06 5.0 311040000 5000 7000
BMS_k3_n100_m429_1 3 2.69 2.72 4.0 311040000 5000 7000
BMS_k3_n100_m429_10 3 81.54 81.96 5.0 311040000 5000 7000
BMS_k3_n100_m429_100 3 0.70 0.76 4.0 311040000 5000 7000
BMS_k3_n100_m429_101 3 692.07 695.11 5.0 311040000 5000 7000
BMS_k3_n100_m429_102 3 125.95 126.57 5.0 311040000 5000 7000
BMS_k3_n100_m429_103 3 0.50 0.53 5.0 311040000 5000 7000
BMS_k3_n100_m429_104 3 0.40 0.44 5.0 311040000 5000 7000
BMS_k3_n100_m429_105 3 0.30 0.38 5.0 311040000 5000 7000
BMS_k3_n100_m429_106 3 4.67 4.80 4.0 311040000 5000 7000
BMS_k3_n100_m429_107 3 667.75 670.53 5.0 311040000 5000 7000
BMS_k3_n100_m429_108 3 0.30 0.33 5.0 311040000 5000 7000
BMS_k3_n100_m429_109 3 0.10 0.14 4.0 311040000 5000 7000
BMS_k3_n100_m429_11 3 0.10 0.13 4.0 311040000 5000 7000
BMS_k3_n100_m429_110 3 5.18 5.24 5.0 311040000 5000 7000
BMS_k3_n100_m429_111 3 0.10 0.11 4.0 311040000 5000 7000
BMS_k3_n100_m429_112 3 0.00 0.09 0.0 311040000 5000 7000
BMS_k3_n100_m429_113 3 12.16 12.27 5.0 311040000 5000 7000
BMS_k3_n100_m429_114 3 0.00 0.06 0.0 311040000 5000 7000
BMS_k3_n100_m429_115 3 0.30 0.35 5.0 311040000 5000 7000
BMS_k3_n100_m429_116 3 0.50 0.59 5.0 311040000 5000 7000
BMS_k3_n100_m429_117 3 0.30 0.32 4.0 311040000 5000 7000
BMS_k3_n100_m429_118 3 0.50 0.59 5.0 311040000 5000 7000
BMS_k3_n100_m429_119 3 103.25 103.63 4.0 311040000 5000 7000
BMS_k3_n100_m429_12 3 1.59 1.68 5.0 311040000 5000 7000
BMS_k3_n100_m429_120 3 1.50 1.55 5.0 311040000 5000 7000
BMS_k3_n100_m429_121 3 0.10 0.12 4.0 311040000 5000 7000
BMS_k3_n100_m429_122 3 0.10 0.14 4.0 311040000 5000 7000
BMS_k3_n100_m429_123 3 0.10 0.18 4.0 311040000 5000 7000
BMS_k3_n100_m429_124 3 72.45 72.90 4.0 311040000 5000 7000
BMS_k3_n100_m429_125 3 906.78 910.65 4.0 311040000 5000 7000
BMS_k3_n100_m429_126 3 0.10 0.13 4.0 311040000 5000 7000
BMS_k3_n100_m429_127 3 0.30 0.37 5.0 311040000 5000 7000
BMS_k3_n100_m429_128 3 0.40 0.44 5.0 311040000 5000 7000
BMS_k3_n100_m429_129 3 1.09 1.15 6.0 311040000 5000 7000
BMS_k3_n100_m429_13 3 0.30 0.40 5.0 311040000 5000 7000
BMS_k3_n100_m429_130 3 0.30 0.41 4.0 311040000 5000 7000
BMS_k3_n100_m429_131 3 1.09 1.12 6.0 311040000 5000 7000
BMS_k3_n100_m429_132 3 109.14 109.79 4.0 311040000 5000 7000
BMS_k3_n100_m429_133 3 2456.52 2464.47 4.0 311040000 5000 7000
BMS_k3_n100_m429_134 3 0.10 0.13 4.0 311040000 5000 7000
BMS_k3_n100_m429_135 3 0.30 0.40 4.0 311040000 5000 7000
BMS_k3_n100_m429_136 3 0.30 0.32 5.0 311040000 5000 7000
BMS_k3_n100_m429_137 3 16.73 16.89 5.0 311040000 5000 7000
BMS_k3_n100_m429_138 3 121.06 121.54 6.0 311040000 5000 7000
BMS_k3_n100_m429_139 3 1.40 1.42 5.0 311040000 5000 7000
BMS_k3_n100_m429_14 3 2.59 2.62 4.0 311040000 5000 7000
BMS_k3_n100_m429_140 3 0.10 0.19 4.0 311040000 5000 7000
BMS_k3_n100_m429_141 3 0.20 0.31 4.0 311040000 5000 7000
BMS_k3_n100_m429_142 3 0.20 0.29 4.0 311040000 5000 7000
BMS_k3_n100_m429_143 3 0.80 0.82 4.0 311040000 5000 7000
BMS_k3_n100_m429_144 3 0.10 0.12 4.0 311040000 5000 7000
BMS_k3_n100_m429_145 3 0.50 0.56 5.0 311040000 5000 7000
BMS_k3_n100_m429_146 3 0.20 0.28 4.0 311040000 5000 7000
BMS_k3_n100_m429_147 3 0.20 0.22 4.0 311040000 5000 7000
BMS_k3_n100_m429_148 3 3.29 3.31 4.0 311040000 5000 7000
BMS_k3_n100_m429_149 3 0.50 0.53 5.0 311040000 5000 7000
BMS_k3_n100_m429_15 3 0.10 0.17 4.0 311040000 5000 7000
BMS_k3_n100_m429_150 3 1.10 1.18 5.0 311040000 5000 7000
BMS_k3_n100_m429_151 3 0.10 0.19 4.0 311040000 5000 7000
BMS_k3_n100_m429_152 3 2.99 3.06 4.0 311040000 5000 7000
BMS_k3_n100_m429_153 3 0.20 0.22 5.0 311040000 5000 7000
BMS_k3_n100_m429_154 3 0.10 0.12 4.0 311040000 5000 7000
BMS_k3_n100_m429_155 3 0.10 0.17 4.0 311040000 5000 7000
BMS_k3_n100_m429_156 3 0.20 0.29 4.0 311040000 5000 7000
BMS_k3_n100_m429_157 3 20.61 20.73 4.0 311040000 5000 7000
BMS_k3_n100_m429_158 3 0.10 0.21 4.0 311040000 5000 7000
BMS_k3_n100_m429_159 3 0.40 0.47 5.0 311040000 5000 7000
BMS_k3_n100_m429_16 3 0.40 0.42 5.0 311040000 5000 7000
BMS_k3_n100_m429_160 3 0.50 0.58 5.0 311040000 5000 7000
BMS_k3_n100_m429_161 3 492.48 494.79 4.0 311040000 5000 7000
BMS_k3_n100_m429_162 3 0.99 1.03 6.0 311040000 5000 7000
BMS_k3_n100_m429_163 3 0.34 0.45 4.0 311040000 5000 7000
BMS_k3_n100_m429_164 3 0.10 0.18 4.0 311040000 5000 7000
BMS_k3_n100_m429_165 3 0.10 0.13 4.0 311040000 5000 7000
BMS_k3_n100_m429_166 3 0.10 0.17 4.0 311040000 5000 7000
BMS_k3_n100_m429_167 3 2.79 2.84 4.0 311040000 5000 7000
BMS_k3_n100_m429_168 3 0.40 0.43 5.0 311040000 5000 7000
BMS_k3_n100_m429_169 3 2.99 3.09 4.0 311040000 5000 7000
BMS_k3_n100_m429_17 3 0.00 0.11 0.0 311040000 5000 7000
BMS_k3_n100_m429_170 3 15.34 15.48 4.0 311040000 5000 7000
BMS_k3_n100_m429_171 3 0.20 0.29 5.0 311040000 5000 7000
BMS_k3_n100_m429_172 3 4552.59 4565.04 4.0 311040000 5000 7000
BMS_k3_n100_m429_173 3 0.10 0.12 4.0 311040000 5000 7000
BMS_k3_n100_m429_174 3 19.61 19.75 4.0 311040000 5000 7000
BMS_k3_n100_m429_175 3 0.70 0.77 4.0 311040000 5000 7000
BMS_k3_n100_m429_176 3 0.60 0.65 5.0 311040000 5000 7000
BMS_k3_n100_m429_177 3 0.20 0.25 4.0 311040000 5000 7000
BMS_k3_n100_m429_178 3 0.00 0.08 0.0 311040000 5000 7000
BMS_k3_n100_m429_179 3 3366.37 3382.68 6.0 311040000 5000 7000
BMS_k3_n100_m429_18 3 2.89 2.98 4.0 311040000 5000 7000
BMS_k3_n100_m429_180 3 0.40 0.43 5.0 311040000 5000 7000
BMS_k3_n100_m429_181 3 0.40 0.47 4.0 311040000 5000 7000
BMS_k3_n100_m429_182 3 98.18 98.69 5.0 311040000 5000 7000
BMS_k3_n100_m429_183 3 0.20 0.29 5.0 311040000 5000 7000
BMS_k3_n100_m429_184 3 0.10 0.12 4.0 311040000 5000 7000
BMS_k3_n100_m429_185 3 0.10 0.13 4.0 311040000 5000 7000
BMS_k3_n100_m429_186 3 0.30 0.32 5.0 311040000 5000 7000
BMS_k3_n100_m429_187 3 3.79 3.82 5.0 311040000 5000 7000
BMS_k3_n100_m429_188 3 428.16 429.85 5.0 311040000 5000 7000
BMS_k3_n100_m429_189 3 0.50 0.51 5.0 311040000 5000 7000
BMS_k3_n100_m429_19 3 10.46 10.57 4.0 311040000 5000 7000
BMS_k3_n100_m429_190 3 0.30 0.32 5.0 311040000 5000 7000
BMS_k3_n100_m429_191 3 0.10 0.16 4.0 311040000 5000 7000
BMS_k3_n100_m429_192 3 13.45 13.51 4.0 311040000 5000 7000
BMS_k3_n100_m429_193 3 0.20 0.26 4.0 311040000 5000 7000
BMS_k3_n100_m429_194 3 0.10 0.20 4.0 311040000 5000 7000
BMS_k3_n100_m429_195 3 0.30 0.38 5.0 311040000 5000 7000
BMS_k3_n100_m429_196 3 0.40 0.46 5.0 311040000 5000 7000
BMS_k3_n100_m429_197 3 0.20 0.30 4.0 311040000 5000 7000
BMS_k3_n100_m429_198 3 0.00 0.09 0.0 311040000 5000 7000
BMS_k3_n100_m429_199 3 0.10 0.17 4.0 311040000 5000 7000
BMS_k3_n100_m429_2 3 0.10 0.12 4.0 311040000 5000 7000
BMS_k3_n100_m429_20 3 0.30 0.33 4.0 311040000 5000 7000
BMS_k3_n100_m429_200 3 2.79 2.87 4.0 311040000 5000 7000
BMS_k3_n100_m429_201 3 0.10 0.21 4.0 311040000 5000 7000
BMS_k3_n100_m429_202 3 0.50 0.55 5.0 311040000 5000 7000
BMS_k3_n100_m429_203 3 0.20 0.25 4.0 311040000 5000 7000
BMS_k3_n100_m429_204 3 0.60 0.67 4.0 311040000 5000 7000
BMS_k3_n100_m429_205 3 214.85 215.74 4.0 311040000 5000 7000
BMS_k3_n100_m429_206 3 2.09 2.19 5.0 311040000 5000 7000
BMS_k3_n100_m429_207 3 7.17 7.27 4.0 311040000 5000 7000
BMS_k3_n100_m429_208 3 235.65 236.64 5.0 311040000 5000 7000
BMS_k3_n100_m429_209 3 0.40 0.47 5.0 311040000 5000 7000
BMS_k3_n100_m429_21 3 54.46 54.80 4.0 311040000 5000 7000
BMS_k3_n100_m429_210 3 902.30 905.86 5.0 311040000 5000 7000
BMS_k3_n100_m429_211 3 0.10 0.14 4.0 311040000 5000 7000
BMS_k3_n100_m429_212 3 0.20 0.31 4.0 311040000 5000 7000
BMS_k3_n100_m429_213 3 63.37 63.65 4.0 311040000 5000 7000
BMS_k3_n100_m429_214 3 0.20 0.24 4.0 311040000 5000 7000
BMS_k3_n100_m429_215 3 0.00 0.07 0.0 311040000 5000 7000
BMS_k3_n100_m429_216 3 0.20 0.21 4.0 311040000 5000 7000
BMS_k3_n100_m429_217 3 0.00 0.10 0.0 311040000 5000 7000
BMS_k3_n100_m429_218 3 1.19 1.25 5.0 311040000 5000 7000
BMS_k3_n100_m429_219 3 0.10 0.16 4.0 311040000 5000 7000
BMS_k3_n100_m429_22 3 38.85 39.01 4.0 311040000 5000 7000
BMS_k3_n100_m429_220 3 1.40 1.45 4.0 311040000 5000 7000
BMS_k3_n100_m429_221 3 1010.56 1014.03 5.0 311040000 5000 7000
BMS_k3_n100_m429_222 3 1.70 1.76 4.0 311040000 5000 7000
BMS_k3_n100_m429_223 3 0.20 0.22 4.0 311040000 5000 7000
BMS_k3_n100_m429_224 3 2.89 2.95 5.0 311040000 5000 7000
BMS_k3_n100_m429_225 3 0.20 0.28 4.0 311040000 5000 7000
BMS_k3_n100_m429_226 3 0.40 0.42 5.0 311040000 5000 7000
BMS_k3_n100_m429_227 3 0.30 0.36 4.0 311040000 5000 7000
BMS_k3_n100_m429_228 3 0.40 0.44 5.0 311040000 5000 7000
BMS_k3_n100_m429_229 3 43.02 43.28 5.0 311040000 5000 7000
BMS_k3_n100_m429_23 3 0.50 0.58 5.0 311040000 5000 7000
BMS_k3_n100_m429_230 3 0.10 0.12 4.0 311040000 5000 7000
BMS_k3_n100_m429_231 3 181.90 182.75 4.0 311040000 5000 7000
BMS_k3_n100_m429_232 3 0.70 0.76 4.0 311040000 5000 7000
BMS_k3_n100_m429_233 3 0.90 0.93 6.0 311040000 5000 7000
BMS_k3_n100_m429_234 3 0.76 0.83 6.0 311040000 5000 7000
BMS_k3_n100_m429_235 3 0.40 0.42 5.0 311040000 5000 7000
BMS_k3_n100_m429_236 3 2.89 2.96 5.0 311040000 5000 7000
BMS_k3_n100_m429_237 3 0.10 0.12 4.0 311040000 5000 7000
BMS_k3_n100_m429_238 3 0.10 0.15 4.0 311040000 5000 7000
BMS_k3_n100_m429_239 3 0.10 0.15 4.0 311040000 5000 7000
BMS_k3_n100_m429_24 3 0.17 0.25 5.0 311040000 5000 7000
BMS_k3_n100_m429_240 3 0.20 0.30 5.0 311040000 5000 7000
BMS_k3_n100_m429_241 3 1.49 1.55 4.0 311040000 5000 7000
BMS_k3_n100_m429_242 3 0.30 0.32 4.0 311040000 5000 7000
BMS_k3_n100_m429_243 3 7.66 7.76 5.0 311040000 5000 7000
BMS_k3_n100_m429_244 3 0.60 0.68 3.0 311040000 5000 7000
BMS_k3_n100_m429_245 3 0.20 0.26 4.0 311040000 5000 7000
BMS_k3_n100_m429_246 3 0.60 0.67 4.0 311040000 5000 7000
BMS_k3_n100_m429_247 3 0.10 0.13 4.0 311040000 5000 7000
BMS_k3_n100_m429_248 3 4.78 4.83 4.0 311040000 5000 7000
BMS_k3_n100_m429_249 3 7.37 7.50 5.0 311040000 5000 7000
BMS_k3_n100_m429_25 3 0.10 0.13 4.0 311040000 5000 7000
BMS_k3_n100_m429_250 3 0.40 0.50 5.0 311040000 5000 7000
BMS_k3_n100_m429_251 3 0.50 0.52 5.0 311040000 5000 7000
BMS_k3_n100_m429_252 3 1.79 1.83 5.0 311040000 5000 7000
BMS_k3_n100_m429_253 3 0.20 0.26 4.0 311040000 5000 7000
BMS_k3_n100_m429_254 3 0.10 0.19 4.0 311040000 5000 7000
BMS_k3_n100_m429_255 3 0.50 0.53 5.0 311040000 5000 7000
BMS_k3_n100_m429_256 3 1.00 1.02 4.0 311040000 5000 7000
BMS_k3_n100_m429_257 3 37.55 37.78 4.0 311040000 5000 7000
BMS_k3_n100_m429_258 3 13.94 14.08 5.0 311040000 5000 7000
BMS_k3_n100_m429_259 3 1.20 1.22 5.0 311040000 5000 7000
BMS_k3_n100_m429_26 3 1.20 1.25 4.0 311040000 5000 7000
BMS_k3_n100_m429_260 3 290.24 291.34 5.0 311040000 5000 7000
BMS_k3_n100_m429_261 3 0.80 0.90 5.0 311040000 5000 7000
BMS_k3_n100_m429_262 3 5.08 5.13 4.0 311040000 5000 7000
BMS_k3_n100_m429_263 3 0.20 0.26 4.0 311040000 5000 7000
BMS_k3_n100_m429_264 3 0.10 0.17 4.0 311040000 5000 7000
BMS_k3_n100_m429_265 3 0.20 0.29 5.0 311040000 5000 7000
BMS_k3_n100_m429_266 3 1.49 1.57 6.0 311040000 5000 7000
BMS_k3_n100_m429_267 3 0.00 0.11 0.0 311040000 5000 7000
BMS_k3_n100_m429_268 3 0.30 0.38 4.0 311040000 5000 7000
BMS_k3_n100_m429_269 3 0.40 0.46 4.0 311040000 5000 7000
BMS_k3_n100_m429_27 3 11.85 12.00 5.0 311040000 5000 7000
BMS_k3_n100_m429_270 3 0.30 0.40 4.0 311040000 5000 7000
BMS_k3_n100_m429_271 3 0.10 0.18 4.0 311040000 5000 7000
BMS_k3_n100_m429_272 3 0.20 0.28 4.0 311040000 5000 7000
BMS_k3_n100_m429_273 3 0.30 0.33 5.0 311040000 5000 7000
BMS_k3_n100_m429_274 3 1730.83 1735.82 4.0 311040000 5000 7000
BMS_k3_n100_m429_275 3 0.20 0.29 4.0 311040000 5000 7000
BMS_k3_n100_m429_276 3 0.80 0.82 5.0 311040000 5000 7000
BMS_k3_n100_m429_277 3 0.30 0.40 4.0 311040000 5000 7000
BMS_k3_n100_m429_278 3 4182.28 4195.86 4.0 311040000 5000 7000
BMS_k3_n100_m429_279 3 0.80 0.90 5.0 311040000 5000 7000
BMS_k3_n100_m429_28 3 488.14 490.08 4.0 311040000 5000 7000
BMS_k3_n100_m429_280 3 16.62 16.72 5.0 311040000 5000 7000
BMS_k3_n100_m429_281 3 0.60 0.65 5.0 311040000 5000 7000
BMS_k3_n100_m429_282 3 0.20 0.21 5.0 311040000 5000 7000
BMS_k3_n100_m429_283 3 0.20 0.30 4.0 311040000 5000 7000
BMS_k3_n100_m429_284 3 1.30 1.33 4.0 311040000 5000 7000
BMS_k3_n100_m429_285 3 0.20 0.26 4.0 311040000 5000 7000
BMS_k3_n100_m429_286 3 0.10 0.17 4.0 311040000 5000 7000
BMS_k3_n100_m429_287 3 0.00 0.09 0.0 311040000 5000 7000
BMS_k3_n100_m429_288 3 0.00 0.08 0.0 311040000 5000 7000
BMS_k3_n100_m429_289 3 3.49 3.58 4.0 311040000 5000 7000
BMS_k3_n100_m429_29 3 0.50 0.52 5.0 311040000 5000 7000
BMS_k3_n100_m429_290 3 3.99 4.06 4.0 311040000 5000 7000
BMS_k3_n100_m429_291 3 0.10 0.16 4.0 311040000 5000 7000
BMS_k3_n100_m429_292 3 0.60 0.62 5.0 311040000 5000 7000
BMS_k3_n100_m429_293 3 0.20 0.28 4.0 311040000 5000 7000
BMS_k3_n100_m429_294 3 0.10 0.12 4.0 311040000 5000 7000
BMS_k3_n100_m429_295 3 0.60 0.67 4.0 311040000 5000 7000
BMS_k3_n100_m429_296 3 0.10 0.15 4.0 311040000 5000 7000
BMS_k3_n100_m429_297 3 0.20 0.26 4.0 311040000 5000 7000
BMS_k3_n100_m429_298 3 0.20 0.23 4.0 311040000 5000 7000
BMS_k3_n100_m429_299 3 0.60 0.70 4.0 311040000 5000 7000
BMS_k3_n100_m429_3 3 0.20 0.29 4.0 311040000 5000 7000
BMS_k3_n100_m429_30 1 4982.10 5000.05 3.0 311040000 5000 7000
BMS_k3_n100_m429_300 3 0.10 0.11 4.0 311040000 5000 7000
BMS_k3_n100_m429_301 3 0.50 0.53 4.0 311040000 5000 7000
BMS_k3_n100_m429_302 3 0.60 0.64 4.0 311040000 5000 7000
BMS_k3_n100_m429_303 1 4984.95 5000.05 3.0 311040000 5000 7000
BMS_k3_n100_m429_304 3 6.38 6.47 4.0 311040000 5000 7000
BMS_k3_n100_m429_305 3 0.30 0.41 5.0 311040000 5000 7000
BMS_k3_n100_m429_306 3 30.69 30.89 4.0 311040000 5000 7000
BMS_k3_n100_m429_307 3 1.19 1.26 5.0 311040000 5000 7000
BMS_k3_n100_m429_308 3 771.71 774.68 4.0 311040000 5000 7000
BMS_k3_n100_m429_309 3 14.04 14.12 4.0 311040000 5000 7000
BMS_k3_n100_m429_31 3 0.50 0.53 5.0 311040000 5000 7000
BMS_k3_n100_m429_310 3 0.20 0.25 4.0 311040000 5000 7000
BMS_k3_n100_m429_311 3 0.10 0.20 4.0 311040000 5000 7000
BMS_k3_n100_m429_312 3 0.20 0.25 4.0 311040000 5000 7000
BMS_k3_n100_m429_313 3 4948.48 4964.40 4.0 311040000 5000 7000
BMS_k3_n100_m429_314 3 0.10 0.12 4.0 311040000 5000 7000
BMS_k3_n100_m429_315 3 0.10 0.11 4.0 311040000 5000 7000
BMS_k3_n100_m429_316 3 0.20 0.23 4.0 311040000 5000 7000
BMS_k3_n100_m429_317 3 1.10 1.15 4.0 311040000 5000 7000
BMS_k3_n100_m429_318 3 0.00 0.10 0.0 311040000 5000 7000
BMS_k3_n100_m429_319 3 0.50 0.59 5.0 311040000 5000 7000
BMS_k3_n100_m429_32 3 13.64 13.76 5.0 311040000 5000 7000
BMS_k3_n100_m429_320 3 5.18 5.28 5.0 311040000 5000 7000
BMS_k3_n100_m429_321 3 0.20 0.26 4.0 311040000 5000 7000
BMS_k3_n100_m429_322 3 1382.57 1386.77 5.0 311040000 5000 7000
BMS_k3_n100_m429_323 3 44.52 44.79 4.0 311040000 5000 7000
BMS_k3_n100_m429_324 3 0.20 0.22 4.0 311040000 5000 7000
BMS_k3_n100_m429_325 3 1.39 1.46 5.0 311040000 5000 7000
BMS_k3_n100_m429_326 3 0.00 0.11 0.0 311040000 5000 7000
BMS_k3_n100_m429_327 3 0.10 0.11 4.0 311040000 5000 7000
BMS_k3_n100_m429_328 3 0.10 0.19 4.0 311040000 5000 7000
BMS_k3_n100_m429_329 3 0.20 0.22 5.0 311040000 5000 7000
BMS_k3_n100_m429_33 3 2.59 2.64 5.0 311040000 5000 7000
BMS_k3_n100_m429_330 3 0.80 0.84 5.0 311040000 5000 7000
BMS_k3_n100_m429_331 3 0.20 0.21 4.0 311040000 5000 7000
BMS_k3_n100_m429_332 3 0.30 0.32 4.0 311040000 5000 7000
BMS_k3_n100_m429_333 3 0.10 0.14 4.0 311040000 5000 7000
BMS_k3_n100_m429_334 3 0.10 0.12 4.0 311040000 5000 7000
BMS_k3_n100_m429_335 3 0.40 0.51 5.0 311040000 5000 7000
BMS_k3_n100_m429_336 3 0.30 0.31 5.0 311040000 5000 7000
BMS_k3_n100_m429_337 3 0.20 0.23 4.0 311040000 5000 7000
BMS_k3_n100_m429_338 3 0.10 0.20 4.0 311040000 5000 7000
BMS_k3_n100_m429_339 3 0.10 0.19 4.0 311040000 5000 7000
BMS_k3_n100_m429_34 3 0.20 0.26 4.0 311040000 5000 7000
BMS_k3_n100_m429_340 3 0.10 0.15 4.0 311040000 5000 7000
BMS_k3_n100_m429_341 3 4.98 5.01 6.0 311040000 5000 7000
BMS_k3_n100_m429_342 3 1.00 1.03 5.0 311040000 5000 7000
BMS_k3_n100_m429_343 3 119.34 119.90 5.0 311040000 5000 7000
BMS_k3_n100_m429_344 3 0.20 0.27 4.0 311040000 5000 7000
BMS_k3_n100_m429_345 3 1.10 1.21 4.0 311040000 5000 7000
BMS_k3_n100_m429_346 3 0.00 0.08 0.0 311040000 5000 7000
BMS_k3_n100_m429_347 3 0.90 0.98 6.0 311040000 5000 7000
BMS_k3_n100_m429_348 3 0.30 0.31 5.0 311040000 5000 7000
BMS_k3_n100_m429_349 3 1811.21 1818.92 5.0 311040000 5000 7000
BMS_k3_n100_m429_35 3 0.20 0.24 4.0 311040000 5000 7000
BMS_k3_n100_m429_350 3 2.59 2.66 5.0 311040000 5000 7000
BMS_k3_n100_m429_351 3 0.40 0.49 5.0 311040000 5000 7000
BMS_k3_n100_m429_352 3 0.10 0.11 4.0 311040000 5000 7000
BMS_k3_n100_m429_353 3 0.10 0.15 4.0 311040000 5000 7000
BMS_k3_n100_m429_354 3 0.10 0.20 4.0 311040000 5000 7000
BMS_k3_n100_m429_355 3 5.77 5.86 6.0 311040000 5000 7000
BMS_k3_n100_m429_356 3 0.30 0.33 5.0 311040000 5000 7000
BMS_k3_n100_m429_357 3 1.49 1.56 5.0 311040000 5000 7000
BMS_k3_n100_m429_358 3 0.50 0.60 5.0 311040000 5000 7000
BMS_k3_n100_m429_359 3 39.73 39.99 5.0 311040000 5000 7000
BMS_k3_n100_m429_36 3 1.50 1.52 4.0 311040000 5000 7000
BMS_k3_n100_m429_360 3 1.79 1.84 4.0 311040000 5000 7000
BMS_k3_n100_m429_361 3 0.10 0.14 4.0 311040000 5000 7000
BMS_k3_n100_m429_362 3 0.10 0.11 4.0 311040000 5000 7000
BMS_k3_n100_m429_363 3 0.20 0.24 5.0 311040000 5000 7000
BMS_k3_n100_m429_364 3 0.40 0.41 5.0 311040000 5000 7000
BMS_k3_n100_m429_365 3 0.30 0.34 4.0 311040000 5000 7000
BMS_k3_n100_m429_366 3 0.20 0.22 4.0 311040000 5000 7000
BMS_k3_n100_m429_367 3 27.08 27.31 5.0 311040000 5000 7000
BMS_k3_n100_m429_368 3 67.57 67.85 5.0 311040000 5000 7000
BMS_k3_n100_m429_369 3 0.30 0.32 5.0 311040000 5000 7000
BMS_k3_n100_m429_37 3 0.70 0.74 5.0 311040000 5000 7000
BMS_k3_n100_m429_370 3 1.19 1.30 4.0 311040000 5000 7000
BMS_k3_n100_m429_371 3 0.10 0.17 4.0 311040000 5000 7000
BMS_k3_n100_m429_372 3 0.40 0.45 4.0 311040000 5000 7000
BMS_k3_n100_m429_373 3 0.00 0.08 0.0 311040000 5000 7000
BMS_k3_n100_m429_374 3 107.54 108.10 4.0 311040000 5000 7000
BMS_k3_n100_m429_375 3 0.10 0.16 4.0 311040000 5000 7000
BMS_k3_n100_m429_376 3 0.20 0.27 4.0 311040000 5000 7000
BMS_k3_n100_m429_377 3 0.60 0.65 5.0 311040000 5000 7000
BMS_k3_n100_m429_378 3 184.05 184.82 4.0 311040000 5000 7000
BMS_k3_n100_m429_379 3 0.10 0.15 4.0 311040000 5000 7000
BMS_k3_n100_m429_38 3 1.50 1.59 5.0 311040000 5000 7000
BMS_k3_n100_m429_380 3 0.60 0.69 4.0 311040000 5000 7000
BMS_k3_n100_m429_381 3 15.33 15.50 5.0 311040000 5000 7000
BMS_k3_n100_m429_382 3 0.20 0.27 4.0 311040000 5000 7000
BMS_k3_n100_m429_383 3 0.70 0.74 4.0 311040000 5000 7000
BMS_k3_n100_m429_384 3 0.40 0.45 4.0 311040000 5000 7000
BMS_k3_n100_m429_385 3 500.60 502.40 5.0 311040000 5000 7000
BMS_k3_n100_m429_386 3 442.34 444.38 4.0 311040000 5000 7000
BMS_k3_n100_m429_387 3 153.81 154.45 5.0 311040000 5000 7000
BMS_k3_n100_m429_388 3 0.10 0.21 4.0 311040000 5000 7000
BMS_k3_n100_m429_389 3 0.30 0.38 5.0 311040000 5000 7000
BMS_k3_n100_m429_39 3 0.20 0.25 4.0 311040000 5000 7000
BMS_k3_n100_m429_390 3 0.20 0.24 4.0 311040000 5000 7000
BMS_k3_n100_m429_391 3 0.40 0.44 5.0 311040000 5000 7000
BMS_k3_n100_m429_392 3 145.47 146.16 4.0 311040000 5000 7000
BMS_k3_n100_m429_393 3 0.10 0.13 4.0 311040000 5000 7000
BMS_k3_n100_m429_394 3 0.20 0.29 4.0 311040000 5000 7000
BMS_k3_n100_m429_395 3 132.35 133.00 4.0 311040000 5000 7000
BMS_k3_n100_m429_396 3 0.70 0.81 4.0 311040000 5000 7000
BMS_k3_n100_m429_397 3 0.10 0.17 4.0 311040000 5000 7000
BMS_k3_n100_m429_398 3 1.60 1.67 4.0 311040000 5000 7000
BMS_k3_n100_m429_399 3 11.56 11.69 4.0 311040000 5000 7000
BMS_k3_n100_m429_4 3 0.20 0.27 4.0 311040000 5000 7000
BMS_k3_n100_m429_40 3 0.00 0.10 0.0 311040000 5000 7000
BMS_k3_n100_m429_400 3 0.10 0.11 4.0 311040000 5000 7000
BMS_k3_n100_m429_401 3 6.48 6.57 4.0 311040000 5000 7000
BMS_k3_n100_m429_402 3 0.10 0.19 4.0 311040000 5000 7000
BMS_k3_n100_m429_403 3 0.30 0.32 5.0 311040000 5000 7000
BMS_k3_n100_m429_404 3 0.00 0.09 0.0 311040000 5000 7000
BMS_k3_n100_m429_405 3 0.30 0.34 4.0 311040000 5000 7000
BMS_k3_n100_m429_406 3 0.40 0.51 4.0 311040000 5000 7000
BMS_k3_n100_m429_407 3 12.34 12.50 4.0 311040000 5000 7000
BMS_k3_n100_m429_408 3 543.88 546.45 4.0 311040000 5000 7000
BMS_k3_n100_m429_409 3 0.20 0.24 5.0 311040000 5000 7000
BMS_k3_n100_m429_41 3 0.20 0.25 4.0 311040000 5000 7000
BMS_k3_n100_m429_410 3 1.00 1.03 5.0 311040000 5000 7000
BMS_k3_n100_m429_411 3 0.20 0.24 4.0 311040000 5000 7000
BMS_k3_n100_m429_412 3 0.20 0.21 4.0 311040000 5000 7000
BMS_k3_n100_m429_413 3 0.40 0.51 5.0 311040000 5000 7000
BMS_k3_n100_m429_414 3 21.32 21.50 4.0 311040000 5000 7000
BMS_k3_n100_m429_415 3 6.67 6.75 6.0 311040000 5000 7000
BMS_k3_n100_m429_416 3 0.10 0.12 4.0 311040000 5000 7000
BMS_k3_n100_m429_417 3 0.50 0.53 5.0 311040000 5000 7000
BMS_k3_n100_m429_418 3 1.20 1.26 4.0 311040000 5000 7000
BMS_k3_n100_m429_419 3 0.40 0.48 5.0 311040000 5000 7000
BMS_k3_n100_m429_42 3 0.20 0.28 4.0 311040000 5000 7000
BMS_k3_n100_m429_420 3 3.89 3.93 4.0 311040000 5000 7000
BMS_k3_n100_m429_421 3 4.48 4.53 6.0 311040000 5000 7000
BMS_k3_n100_m429_422 3 0.20 0.25 4.0 311040000 5000 7000
BMS_k3_n100_m429_423 3 0.00 0.11 0.0 311040000 5000 7000
BMS_k3_n100_m429_424 3 0.10 0.15 4.0 311040000 5000 7000
BMS_k3_n100_m429_425 3 14.94 15.03 5.0 311040000 5000 7000
BMS_k3_n100_m429_426 3 8.56 8.65 5.0 311040000 5000 7000
BMS_k3_n100_m429_427 3 0.20 0.28 4.0 311040000 5000 7000
BMS_k3_n100_m429_428 3 1.70 1.79 5.0 311040000 5000 7000
BMS_k3_n100_m429_429 3 0.40 0.43 4.0 311040000 5000 7000
BMS_k3_n100_m429_43 3 102.23 102.90 4.0 311040000 5000 7000
BMS_k3_n100_m429_430 3 0.10 0.13 4.0 311040000 5000 7000
BMS_k3_n100_m429_431 3 0.90 1.01 5.0 311040000 5000 7000
BMS_k3_n100_m429_432 3 0.00 0.08 0.0 311040000 5000 7000
BMS_k3_n100_m429_433 3 0.20 0.24 5.0 311040000 5000 7000
BMS_k3_n100_m429_434 3 0.10 0.13 4.0 311040000 5000 7000
BMS_k3_n100_m429_435 3 0.10 0.12 4.0 311040000 5000 7000
BMS_k3_n100_m429_436 3 60.98 61.26 4.0 311040000 5000 7000
BMS_k3_n100_m429_437 3 0.40 0.45 4.0 311040000 5000 7000
BMS_k3_n100_m429_438 3 1.30 1.33 5.0 311040000 5000 7000
BMS_k3_n100_m429_439 3 24.79 24.94 4.0 311040000 5000 7000
BMS_k3_n100_m429_44 3 0.40 0.47 4.0 311040000 5000 7000
BMS_k3_n100_m429_440 3 21.70 21.89 5.0 311040000 5000 7000
BMS_k3_n100_m429_441 3 0.10 0.17 4.0 311040000 5000 7000
BMS_k3_n100_m429_442 3 9.26 9.31 5.0 311040000 5000 7000
BMS_k3_n100_m429_443 3 1.80 1.88 4.0 311040000 5000 7000
BMS_k3_n100_m429_444 3 0.30 0.32 5.0 311040000 5000 7000
BMS_k3_n100_m429_445 3 17.73 17.90 4.0 311040000 5000 7000
BMS_k3_n100_m429_446 3 0.70 0.80 5.0 311040000 5000 7000
BMS_k3_n100_m429_447 3 0.10 0.17 4.0 311040000 5000 7000
BMS_k3_n100_m429_448 3 0.20 0.22 4.0 311040000 5000 7000
BMS_k3_n100_m429_449 3 0.00 0.08 0.0 311040000 5000 7000
BMS_k3_n100_m429_45 3 0.10 0.19 4.0 311040000 5000 7000
BMS_k3_n100_m429_450 3 0.40 0.48 5.0 311040000 5000 7000
BMS_k3_n100_m429_451 3 1.10 1.15 5.0 311040000 5000 7000
BMS_k3_n100_m429_452 3 9.67 9.79 4.0 311040000 5000 7000
BMS_k3_n100_m429_453 3 101.70 102.28 4.0 311040000 5000 7000
BMS_k3_n100_m429_454 1 4982.11 5000.05 5.0 311040000 5000 7000
BMS_k3_n100_m429_455 3 0.20 0.23 4.0 311040000 5000 7000
BMS_k3_n100_m429_456 3 0.20 0.25 4.0 311040000 5000 7000
BMS_k3_n100_m429_457 3 0.20 0.24 5.0 311040000 5000 7000
BMS_k3_n100_m429_458 3 0.20 0.29 4.0 311040000 5000 7000
BMS_k3_n100_m429_459 3 0.70 0.73 5.0 311040000 5000 7000
BMS_k3_n100_m429_46 3 0.69 0.72 5.0 311040000 5000 7000
BMS_k3_n100_m429_460 3 1.89 1.98 5.0 311040000 5000 7000
BMS_k3_n100_m429_461 3 0.40 0.45 4.0 311040000 5000 7000
BMS_k3_n100_m429_462 3 0.00 0.07 0.0 311040000 5000 7000
BMS_k3_n100_m429_463 3 13.66 13.80 4.0 311040000 5000 7000
BMS_k3_n100_m429_464 3 17.53 17.71 3.0 311040000 5000 7000
BMS_k3_n100_m429_465 3 0.40 0.49 4.0 311040000 5000 7000
BMS_k3_n100_m429_466 3 0.10 0.21 4.0 311040000 5000 7000
BMS_k3_n100_m429_467 3 18.68 18.82 4.0 311040000 5000 7000
BMS_k3_n100_m429_468 3 0.60 0.69 4.0 311040000 5000 7000
BMS_k3_n100_m429_469 3 0.30 0.33 4.0 311040000 5000 7000
BMS_k3_n100_m429_47 3 0.10 0.12 4.0 311040000 5000 7000
BMS_k3_n100_m429_470 3 0.30 0.32 4.0 311040000 5000 7000
BMS_k3_n100_m429_471 3 72.70 73.06 5.0 311040000 5000 7000
BMS_k3_n100_m429_472 3 1.69 1.72 6.0 311040000 5000 7000
BMS_k3_n100_m429_473 3 0.10 0.16 4.0 311040000 5000 7000
BMS_k3_n100_m429_474 3 1.20 1.28 5.0 311040000 5000 7000
BMS_k3_n100_m429_475 3 0.90 0.96 4.0 311040000 5000 7000
BMS_k3_n100_m429_476 3 0.10 0.17 4.0 311040000 5000 7000
BMS_k3_n100_m429_477 3 0.60 0.68 5.0 311040000 5000 7000
BMS_k3_n100_m429_478 3 0.20 0.26 4.0 311040000 5000 7000
BMS_k3_n100_m429_479 3 613.80 615.83 6.0 311040000 5000 7000
BMS_k3_n100_m429_48 3 0.40 0.43 5.0 311040000 5000 7000
BMS_k3_n100_m429_480 1 4978.71 5000.05 5.0 311040000 5000 7000
BMS_k3_n100_m429_481 3 0.80 0.84 4.0 311040000 5000 7000
BMS_k3_n100_m429_482 3 0.40 0.43 4.0 311040000 5000 7000
BMS_k3_n100_m429_483 3 0.10 0.20 4.0 311040000 5000 7000
BMS_k3_n100_m429_484 3 114.01 114.52 4.0 311040000 5000 7000
BMS_k3_n100_m429_485 3 0.10 0.19 4.0 311040000 5000 7000
BMS_k3_n100_m429_486 3 0.10 0.21 4.0 311040000 5000 7000
BMS_k3_n100_m429_487 3 0.50 0.61 4.0 311040000 5000 7000
BMS_k3_n100_m429_488 3 0.60 0.68 4.0 311040000 5000 7000
BMS_k3_n100_m429_489 3 0.10 0.18 4.0 311040000 5000 7000
BMS_k3_n100_m429_49 3 1.99 2.08 5.0 311040000 5000 7000
BMS_k3_n100_m429_490 3 0.60 0.70 5.0 311040000 5000 7000
BMS_k3_n100_m429_491 3 0.40 0.49 5.0 311040000 5000 7000
BMS_k3_n100_m429_492 3 2.29 2.36 4.0 311040000 5000 7000
BMS_k3_n100_m429_493 3 20.92 21.09 4.0 311040000 5000 7000
BMS_k3_n100_m429_494 3 0.20 0.22 4.0 311040000 5000 7000
BMS_k3_n100_m429_495 3 0.10 0.13 4.0 311040000 5000 7000
BMS_k3_n100_m429_496 3 1.79 1.83 5.0 311040000 5000 7000
BMS_k3_n100_m429_497 3 0.50 0.59 4.0 311040000 5000 7000
BMS_k3_n100_m429_498 3 351.53 353.00 4.0 311040000 5000 7000
BMS_k3_n100_m429_499 3 0.20 0.21 4.0 311040000 5000 7000
BMS_k3_n100_m429_5 3 0.80 0.90 6.0 311040000 5000 7000
BMS_k3_n100_m429_50 3 18.62 18.76 5.0 311040000 5000 7000
BMS_k3_n100_m429_51 3 34.17 34.40 4.0 311040000 5000 7000
BMS_k3_n100_m429_52 3 5.98 6.08 4.0 311040000 5000 7000
BMS_k3_n100_m429_53 3 0.40 0.44 5.0 311040000 5000 7000
BMS_k3_n100_m429_54 3 15.14 15.24 5.0 311040000 5000 7000
BMS_k3_n100_m429_55 3 1.10 1.18 5.0 311040000 5000 7000
BMS_k3_n100_m429_56 3 0.00 0.06 0.0 311040000 5000 7000
BMS_k3_n100_m429_57 3 0.30 0.33 5.0 311040000 5000 7000
BMS_k3_n100_m429_58 3 16.92 17.07 4.0 311040000 5000 7000
BMS_k3_n100_m429_59 3 0.60 0.66 6.0 311040000 5000 7000
BMS_k3_n100_m429_6 3 0.89 0.91 5.0 311040000 5000 7000
BMS_k3_n100_m429_60 3 2.69 2.78 6.0 311040000 5000 7000
BMS_k3_n100_m429_61 3 0.20 0.24 4.0 311040000 5000 7000
BMS_k3_n100_m429_62 3 4.29 4.32 4.0 311040000 5000 7000
BMS_k3_n100_m429_63 3 0.20 0.24 4.0 311040000 5000 7000
BMS_k3_n100_m429_64 3 0.20 0.24 4.0 311040000 5000 7000
BMS_k3_n100_m429_65 3 0.10 0.15 4.0 311040000 5000 7000
BMS_k3_n100_m429_66 3 1.10 1.19 4.0 311040000 5000 7000
BMS_k3_n100_m429_67 3 0.10 0.16 4.0 311040000 5000 7000
BMS_k3_n100_m429_68 3 0.20 0.26 4.0 311040000 5000 7000
BMS_k3_n100_m429_69 3 0.70 0.72 5.0 311040000 5000 7000
BMS_k3_n100_m429_7 3 0.50 0.56 5.0 311040000 5000 7000
BMS_k3_n100_m429_70 3 0.80 0.82 5.0 311040000 5000 7000
BMS_k3_n100_m429_71 3 0.10 0.18 4.0 311040000 5000 7000
BMS_k3_n100_m429_72 3 38.66 38.82 5.0 311040000 5000 7000
BMS_k3_n100_m429_73 3 1.19 1.27 6.0 311040000 5000 7000
BMS_k3_n100_m429_74 3 3.89 3.95 4.0 311040000 5000 7000
BMS_k3_n100_m429_75 3 19.81 19.93 4.0 311040000 5000 7000
BMS_k3_n100_m429_76 3 0.10 0.17 4.0 311040000 5000 7000
BMS_k3_n100_m429_77 3 0.10 0.14 4.0 311040000 5000 7000
BMS_k3_n100_m429_78 3 0.40 0.50 5.0 311040000 5000 7000
BMS_k3_n100_m429_79 3 2.07 2.14 5.0 311040000 5000 7000
BMS_k3_n100_m429_8 3 0.30 0.36 5.0 311040000 5000 7000
BMS_k3_n100_m429_80 3 0.10 0.16 4.0 311040000 5000 7000
BMS_k3_n100_m429_81 3 1.69 1.72 5.0 311040000 5000 7000
BMS_k3_n100_m429_82 3 0.40 0.41 5.0 311040000 5000 7000
BMS_k3_n100_m429_83 3 0.50 0.59 5.0 311040000 5000 7000
BMS_k3_n100_m429_84 3 1.39 1.46 6.0 311040000 5000 7000
BMS_k3_n100_m429_85 3 0.90 0.99 5.0 311040000 5000 7000
BMS_k3_n100_m429_86 3 0.30 0.33 5.0 311040000 5000 7000
BMS_k3_n100_m429_87 3 9.96 10.05 4.0 311040000 5000 7000
BMS_k3_n100_m429_88 3 61.04 61.37 4.0 311040000 5000 7000
BMS_k3_n100_m429_89 3 0.40 0.45 5.0 311040000 5000 7000
BMS_k3_n100_m429_9 3 3.49 3.59 5.0 311040000 5000 7000
BMS_k3_n100_m429_90 3 0.10 0.19 4.0 311040000 5000 7000
BMS_k3_n100_m429_91 3 0.00 0.10 0.0 311040000 5000 7000
BMS_k3_n100_m429_92 3 2.49 2.56 4.0 311040000 5000 7000
BMS_k3_n100_m429_93 1 4983.02 5000.05 4.0 311040000 5000 7000
BMS_k3_n100_m429_94 3 0.60 0.63 4.0 311040000 5000 7000
BMS_k3_n100_m429_95 3 0.30 0.36 4.0 311040000 5000 7000
BMS_k3_n100_m429_96 3 0.20 0.25 4.0 311040000 5000 7000
BMS_k3_n100_m429_97 3 0.20 0.31 4.0 311040000 5000 7000
BMS_k3_n100_m429_98 3 0.50 0.51 4.0 311040000 5000 7000
BMS_k3_n100_m429_99 3 3.39 3.49 4.0 311040000 5000 7000
results-BC.csv.xz 10 0.00 0.01 0.0 311040000 5000 7000
