 result time real space tlim rlim slim
ais10 3 0.80 0.81 5.0 311040000 5000 7000
ais12 3 51.78 52.03 16.0 311040000 5000 7000
ais6 3 0.00 0.01 0.0 311040000 5000 7000
ais8 3 0.00 0.03 0.0 311040000 5000 7000
anomaly 10 0.00 0.01 0.0 311040000 5000 7000
bw_large.a 10 0.00 0.01 0.0 311040000 5000 7000
bw_large.b 3 0.00 0.04 0.0 311040000 5000 7000
bw_large.c 3 4.48 4.57 18.0 311040000 5000 7000
bw_large.d 1 4974.64 5000.05 661.0 311040000 5000 7000
huge 10 0.00 0.01 0.0 311040000 5000 7000
logistics.a 1 4980.62 5000.05 4.0 311040000 5000 7000
logistics.b 1 4983.71 5000.05 5.0 311040000 5000 7000
logistics.c 1 4977.40 5000.05 5.0 311040000 5000 7000
logistics.d 1 4979.69 5000.05 8.0 311040000 5000 7000
medium 3 0.00 0.01 0.0 311040000 5000 7000
qg1-07 3 0.00 0.02 0.0 311040000 5000 7000
qg1-08 3 5.18 5.31 11.0 311040000 5000 7000
qg2-07 3 0.00 0.02 0.0 311040000 5000 7000
qg2-08 3 6.47 6.54 13.0 311040000 5000 7000
qg3-08 3 0.00 0.02 0.0 311040000 5000 7000
qg3-09 20 1.29 1.34 6.0 311040000 5000 7000
qg4-08 20 0.00 0.02 0.0 311040000 5000 7000
qg4-09 3 1.09 1.14 6.0 311040000 5000 7000
qg5-09 20 0.00 0.01 0.0 311040000 5000 7000
qg5-10 20 0.00 0.03 0.0 311040000 5000 7000
qg5-11 3 0.00 0.11 0.0 311040000 5000 7000
qg5-12 20 0.69 0.74 13.0 311040000 5000 7000
qg5-13 20 11.05 11.15 20.0 311040000 5000 7000
qg6-09 3 0.00 0.01 0.0 311040000 5000 7000
qg6-10 20 0.00 0.01 0.0 311040000 5000 7000
qg6-11 20 0.00 0.07 0.0 311040000 5000 7000
qg6-12 20 0.60 0.64 12.0 311040000 5000 7000
qg7-09 3 0.00 0.01 0.0 311040000 5000 7000
qg7-10 20 0.00 0.02 0.0 311040000 5000 7000
qg7-11 20 0.00 0.11 0.0 311040000 5000 7000
qg7-12 20 1.20 1.21 11.0 311040000 5000 7000
qg7-13 3 27.98 28.18 19.0 311040000 5000 7000
