 result time real space tlim rlim slim
ais10 3 0.80 0.86 5.0 311040000 5000 7000
ais12 3 50.98 51.30 16.0 311040000 5000 7000
ais6 3 0.00 0.01 0.0 311040000 5000 7000
ais8 3 0.00 0.03 0.0 311040000 5000 7000
anomaly 10 0.00 0.01 0.0 311040000 5000 7000
bw_large.a 10 0.00 0.01 0.0 311040000 5000 7000
bw_large.b 3 0.00 0.04 0.0 311040000 5000 7000
bw_large.c 3 3.88 4.00 15.0 311040000 5000 7000
bw_large.d 1 4976.97 5000.05 610.0 311040000 5000 7000
huge 10 0.00 0.01 0.0 311040000 5000 7000
logistics.a 1 4982.97 5000.05 4.0 311040000 5000 7000
logistics.b 1 4982.56 5000.05 5.0 311040000 5000 7000
logistics.c 1 4980.72 5000.05 5.0 311040000 5000 7000
logistics.d 1 4980.18 5000.05 8.0 311040000 5000 7000
medium 3 0.00 0.01 0.0 311040000 5000 7000
qg1-07 3 0.00 0.02 0.0 311040000 5000 7000
qg1-08 3 5.88 5.96 12.0 311040000 5000 7000
qg2-07 3 0.00 0.02 0.0 311040000 5000 7000
qg2-08 3 7.17 7.31 15.0 311040000 5000 7000
qg3-08 3 0.00 0.03 0.0 311040000 5000 7000
qg3-09 20 1.30 1.35 6.0 311040000 5000 7000
qg4-08 20 0.00 0.02 0.0 311040000 5000 7000
qg4-09 3 1.29 1.38 7.0 311040000 5000 7000
qg5-09 20 0.00 0.01 0.0 311040000 5000 7000
qg5-10 20 0.00 0.03 0.0 311040000 5000 7000
qg5-11 3 0.09 0.11 9.0 311040000 5000 7000
qg5-12 20 0.59 0.71 13.0 311040000 5000 7000
qg5-13 20 11.25 11.32 20.0 311040000 5000 7000
qg6-09 3 0.00 0.01 0.0 311040000 5000 7000
qg6-10 20 0.00 0.01 0.0 311040000 5000 7000
qg6-11 20 0.00 0.07 0.0 311040000 5000 7000
qg6-12 20 0.59 0.66 12.0 311040000 5000 7000
qg7-09 3 0.00 0.01 0.0 311040000 5000 7000
qg7-10 20 0.00 0.02 0.0 311040000 5000 7000
qg7-11 20 0.00 0.11 0.0 311040000 5000 7000
qg7-12 20 1.20 1.24 11.0 311040000 5000 7000
qg7-13 3 32.16 32.37 20.0 311040000 5000 7000
