 result time real space tlim rlim slim
ais10 3 0.80 0.85 5.0 311040000 5000 7000
ais12 3 50.59 50.87 16.0 311040000 5000 7000
ais6 3 0.00 0.01 0.0 311040000 5000 7000
ais8 3 0.00 0.03 0.0 311040000 5000 7000
anomaly 10 0.00 0.01 0.0 311040000 5000 7000
bw_large.a 10 0.00 0.01 0.0 311040000 5000 7000
bw_large.b 3 0.00 0.04 0.0 311040000 5000 7000
bw_large.c 3 3.88 3.97 15.0 311040000 5000 7000
bw_large.d 1 4977.70 5000.05 610.0 311040000 5000 7000
huge 10 0.00 0.01 0.0 311040000 5000 7000
logistics.a 1 4981.08 5000.05 4.0 311040000 5000 7000
logistics.b 1 4983.51 5000.05 5.0 311040000 5000 7000
logistics.c 1 4974.75 5000.05 5.0 311040000 5000 7000
logistics.d 1 4981.97 5000.05 8.0 311040000 5000 7000
medium 3 0.00 0.01 0.0 311040000 5000 7000
qg1-07 3 0.00 0.02 0.0 311040000 5000 7000
qg1-08 3 5.88 5.94 12.0 311040000 5000 7000
qg2-07 3 0.00 0.02 0.0 311040000 5000 7000
qg2-08 3 7.15 7.29 13.0 311040000 5000 7000
qg3-08 3 0.00 0.03 0.0 311040000 5000 7000
qg3-09 20 1.29 1.34 6.0 311040000 5000 7000
qg4-08 20 0.00 0.02 0.0 311040000 5000 7000
qg4-09 3 1.29 1.38 7.0 311040000 5000 7000
qg5-09 20 0.00 0.01 0.0 311040000 5000 7000
qg5-10 20 0.00 0.03 0.0 311040000 5000 7000
qg5-11 3 0.00 0.11 0.0 311040000 5000 7000
qg5-12 20 0.59 0.70 13.0 311040000 5000 7000
qg5-13 20 11.15 11.28 20.0 311040000 5000 7000
qg6-09 3 0.00 0.01 0.0 311040000 5000 7000
qg6-10 20 0.00 0.01 0.0 311040000 5000 7000
qg6-11 20 0.00 0.07 0.0 311040000 5000 7000
qg6-12 20 0.59 0.65 12.0 311040000 5000 7000
qg7-09 3 0.00 0.01 0.0 311040000 5000 7000
qg7-10 20 0.00 0.02 0.0 311040000 5000 7000
qg7-11 20 0.00 0.11 0.0 311040000 5000 7000
qg7-12 20 1.19 1.24 11.0 311040000 5000 7000
qg7-13 3 32.17 32.34 19.0 311040000 5000 7000
