 result time real space tlim rlim slim
ais10 3 1.89 1.91 7.0 311040000 5000 7000
ais12 3 115.88 116.61 43.0 311040000 5000 7000
ais6 3 0.00 0.01 0.0 311040000 5000 7000
ais8 3 0.00 0.07 0.0 311040000 5000 7000
anomaly 10 0.00 0.01 0.0 311040000 5000 7000
bw_large.a 10 0.00 0.01 0.0 311040000 5000 7000
bw_large.b 3 0.00 0.01 0.0 311040000 5000 7000
bw_large.c 3 0.20 0.24 11.0 311040000 5000 7000
bw_large.d 3 1.26 1.33 24.0 311040000 5000 7000
huge 10 0.00 0.01 0.0 311040000 5000 7000
logistics.a 1 4984.16 5000.05 5.0 311040000 5000 7000
logistics.b 1 4984.54 5000.05 4.0 311040000 5000 7000
logistics.c 1 4977.67 5000.05 5.0 311040000 5000 7000
logistics.d 1 4981.80 5000.05 7.0 311040000 5000 7000
medium 3 0.00 0.01 0.0 311040000 5000 7000
qg1-07 3 0.00 0.03 0.0 311040000 5000 7000
qg1-08 3 3.38 3.46 11.0 311040000 5000 7000
qg2-07 3 0.00 0.02 0.0 311040000 5000 7000
qg2-08 3 2.09 2.20 9.0 311040000 5000 7000
qg3-08 3 0.00 0.03 0.0 311040000 5000 7000
qg3-09 20 1.30 1.34 7.0 311040000 5000 7000
qg4-08 20 0.00 0.03 0.0 311040000 5000 7000
qg4-09 3 1.29 1.39 7.0 311040000 5000 7000
qg5-09 20 0.00 0.01 0.0 311040000 5000 7000
qg5-10 20 0.00 0.01 0.0 311040000 5000 7000
qg5-11 3 0.00 0.03 0.0 311040000 5000 7000
qg5-12 20 0.00 0.08 0.0 311040000 5000 7000
qg5-13 20 2.39 2.41 17.0 311040000 5000 7000
qg6-09 3 0.00 0.01 0.0 311040000 5000 7000
qg6-10 20 0.00 0.02 0.0 311040000 5000 7000
qg6-11 20 0.10 0.16 7.0 311040000 5000 7000
qg6-12 20 1.59 1.70 11.0 311040000 5000 7000
qg7-09 3 0.00 0.01 0.0 311040000 5000 7000
qg7-10 20 0.00 0.01 0.0 311040000 5000 7000
qg7-11 20 0.00 0.05 0.0 311040000 5000 7000
qg7-12 20 0.20 0.27 10.0 311040000 5000 7000
qg7-13 3 3.09 3.11 14.0 311040000 5000 7000
