 result time real space tlim rlim slim
BMS_k3_n100_m429_1 3 3.68 3.75 3.0 311040000 5000 7000
BMS_k3_n100_m429_101 3 0.00 0.00 0.0 311040000 5000 7000
BMS_k3_n100_m429_103 3 0.10 0.12 3.0 311040000 5000 7000
BMS_k3_n100_m429_104 3 0.20 0.26 3.0 311040000 5000 7000
BMS_k3_n100_m429_109 3 0.00 0.05 0.0 311040000 5000 7000
BMS_k3_n100_m429_110 3 6.97 7.06 3.0 311040000 5000 7000
BMS_k3_n100_m429_112 3 0.00 0.03 0.0 311040000 5000 7000
BMS_k3_n100_m429_114 3 0.00 0.06 0.0 311040000 5000 7000
BMS_k3_n100_m429_115 3 0.00 0.05 0.0 311040000 5000 7000
BMS_k3_n100_m429_117 3 0.00 0.10 0.0 311040000 5000 7000
BMS_k3_n100_m429_118 3 0.00 0.06 0.0 311040000 5000 7000
BMS_k3_n100_m429_119 3 0.00 0.00 0.0 311040000 5000 7000
BMS_k3_n100_m429_12 3 1.50 1.53 4.0 311040000 5000 7000
BMS_k3_n100_m429_120 3 1.50 1.60 3.0 311040000 5000 7000
BMS_k3_n100_m429_122 3 0.00 0.06 0.0 311040000 5000 7000
BMS_k3_n100_m429_123 3 0.00 0.04 0.0 311040000 5000 7000
BMS_k3_n100_m429_126 3 0.00 0.04 0.0 311040000 5000 7000
BMS_k3_n100_m429_127 3 0.00 0.03 0.0 311040000 5000 7000
BMS_k3_n100_m429_128 3 0.20 0.27 4.0 311040000 5000 7000
BMS_k3_n100_m429_129 3 0.00 0.06 0.0 311040000 5000 7000
BMS_k3_n100_m429_130 3 0.00 0.08 0.0 311040000 5000 7000
BMS_k3_n100_m429_132 3 0.00 0.00 0.0 311040000 5000 7000
BMS_k3_n100_m429_133 3 0.00 0.00 0.0 311040000 5000 7000
BMS_k3_n100_m429_134 3 0.00 0.11 0.0 311040000 5000 7000
BMS_k3_n100_m429_136 3 0.00 0.04 0.0 311040000 5000 7000
BMS_k3_n100_m429_137 3 22.92 23.09 4.0 311040000 5000 7000
BMS_k3_n100_m429_138 3 0.00 0.00 0.0 311040000 5000 7000
BMS_k3_n100_m429_141 3 0.00 0.03 0.0 311040000 5000 7000
BMS_k3_n100_m429_142 3 0.00 0.09 0.0 311040000 5000 7000
BMS_k3_n100_m429_143 3 1.10 1.11 3.0 311040000 5000 7000
BMS_k3_n100_m429_144 3 0.00 0.03 0.0 311040000 5000 7000
BMS_k3_n100_m429_147 3 0.00 0.03 0.0 311040000 5000 7000
BMS_k3_n100_m429_149 3 0.10 0.15 4.0 311040000 5000 7000
BMS_k3_n100_m429_15 3 0.00 0.03 0.0 311040000 5000 7000
BMS_k3_n100_m429_150 3 1.10 1.13 4.0 311040000 5000 7000
BMS_k3_n100_m429_151 3 0.00 0.03 0.0 311040000 5000 7000
BMS_k3_n100_m429_155 3 0.00 0.04 0.0 311040000 5000 7000
BMS_k3_n100_m429_158 3 0.00 0.10 0.0 311040000 5000 7000
BMS_k3_n100_m429_159 3 0.00 0.10 0.0 311040000 5000 7000
BMS_k3_n100_m429_162 3 0.00 0.05 0.0 311040000 5000 7000
BMS_k3_n100_m429_163 3 0.19 0.22 3.0 311040000 5000 7000
BMS_k3_n100_m429_164 3 0.00 0.03 0.0 311040000 5000 7000
BMS_k3_n100_m429_165 3 0.00 0.06 0.0 311040000 5000 7000
BMS_k3_n100_m429_166 3 0.00 0.03 0.0 311040000 5000 7000
BMS_k3_n100_m429_168 3 0.00 0.04 0.0 311040000 5000 7000
BMS_k3_n100_m429_169 3 4.38 4.41 4.0 311040000 5000 7000
BMS_k3_n100_m429_17 3 0.00 0.08 0.0 311040000 5000 7000
BMS_k3_n100_m429_170 3 21.92 22.10 4.0 311040000 5000 7000
BMS_k3_n100_m429_172 3 0.00 0.00 0.0 311040000 5000 7000
BMS_k3_n100_m429_173 3 0.00 0.07 0.0 311040000 5000 7000
BMS_k3_n100_m429_175 3 0.80 0.91 3.0 311040000 5000 7000
BMS_k3_n100_m429_176 3 0.00 0.02 0.0 311040000 5000 7000
BMS_k3_n100_m429_178 3 0.00 0.04 0.0 311040000 5000 7000
BMS_k3_n100_m429_18 3 4.09 4.17 4.0 311040000 5000 7000
BMS_k3_n100_m429_182 3 0.00 0.00 0.0 311040000 5000 7000
BMS_k3_n100_m429_185 3 0.00 0.04 0.0 311040000 5000 7000
BMS_k3_n100_m429_187 3 5.08 5.14 4.0 311040000 5000 7000
BMS_k3_n100_m429_189 3 0.00 0.04 0.0 311040000 5000 7000
BMS_k3_n100_m429_19 3 15.13 15.28 3.0 311040000 5000 7000
BMS_k3_n100_m429_190 3 0.10 0.20 4.0 311040000 5000 7000
BMS_k3_n100_m429_192 3 19.12 19.29 4.0 311040000 5000 7000
BMS_k3_n100_m429_193 3 0.00 0.10 0.0 311040000 5000 7000
BMS_k3_n100_m429_195 3 0.00 0.04 0.0 311040000 5000 7000
BMS_k3_n100_m429_196 3 0.00 0.08 0.0 311040000 5000 7000
BMS_k3_n100_m429_199 3 0.00 0.03 0.0 311040000 5000 7000
BMS_k3_n100_m429_2 3 0.00 0.02 0.0 311040000 5000 7000
BMS_k3_n100_m429_20 3 0.10 0.18 4.0 311040000 5000 7000
BMS_k3_n100_m429_200 3 3.99 4.07 4.0 311040000 5000 7000
BMS_k3_n100_m429_201 3 0.10 0.15 4.0 311040000 5000 7000
BMS_k3_n100_m429_202 3 0.40 0.45 4.0 311040000 5000 7000
BMS_k3_n100_m429_204 3 0.60 0.62 4.0 311040000 5000 7000
BMS_k3_n100_m429_206 3 2.69 2.78 4.0 311040000 5000 7000
BMS_k3_n100_m429_207 3 10.16 10.29 3.0 311040000 5000 7000
BMS_k3_n100_m429_208 3 0.00 0.00 0.0 311040000 5000 7000
BMS_k3_n100_m429_209 3 0.00 0.06 0.0 311040000 5000 7000
BMS_k3_n100_m429_212 3 0.20 0.21 4.0 311040000 5000 7000
BMS_k3_n100_m429_213 3 91.25 91.62 4.0 311040000 5000 7000
BMS_k3_n100_m429_214 3 0.00 0.02 0.0 311040000 5000 7000
BMS_k3_n100_m429_215 3 0.00 0.02 0.0 311040000 5000 7000
BMS_k3_n100_m429_217 3 0.00 0.05 0.0 311040000 5000 7000
BMS_k3_n100_m429_219 3 0.00 0.07 0.0 311040000 5000 7000
BMS_k3_n100_m429_22 3 0.00 0.00 0.0 311040000 5000 7000
BMS_k3_n100_m429_220 3 1.80 1.83 4.0 311040000 5000 7000
BMS_k3_n100_m429_221 3 0.00 0.00 0.0 311040000 5000 7000
BMS_k3_n100_m429_224 3 3.19 3.25 4.0 311040000 5000 7000
BMS_k3_n100_m429_225 3 0.00 0.07 0.0 311040000 5000 7000
BMS_k3_n100_m429_226 3 0.10 0.15 3.0 311040000 5000 7000
BMS_k3_n100_m429_228 3 0.00 0.04 0.0 311040000 5000 7000
BMS_k3_n100_m429_23 3 0.10 0.11 4.0 311040000 5000 7000
BMS_k3_n100_m429_230 3 0.00 0.07 0.0 311040000 5000 7000
BMS_k3_n100_m429_231 3 0.00 0.00 0.0 311040000 5000 7000
BMS_k3_n100_m429_234 3 0.00 0.05 0.0 311040000 5000 7000
BMS_k3_n100_m429_235 3 0.10 0.15 3.0 311040000 5000 7000
BMS_k3_n100_m429_238 3 0.00 0.04 0.0 311040000 5000 7000
BMS_k3_n100_m429_239 3 0.00 0.05 0.0 311040000 5000 7000
BMS_k3_n100_m429_24 3 0.00 0.04 0.0 311040000 5000 7000
BMS_k3_n100_m429_240 3 0.00 0.05 0.0 311040000 5000 7000
BMS_k3_n100_m429_242 3 0.00 0.08 0.0 311040000 5000 7000
BMS_k3_n100_m429_243 3 10.56 10.66 4.0 311040000 5000 7000
BMS_k3_n100_m429_244 3 0.90 0.95 3.0 311040000 5000 7000
BMS_k3_n100_m429_247 3 0.00 0.05 0.0 311040000 5000 7000
BMS_k3_n100_m429_249 3 10.05 10.12 4.0 311040000 5000 7000
BMS_k3_n100_m429_250 3 0.40 0.47 4.0 311040000 5000 7000
BMS_k3_n100_m429_252 3 1.30 1.39 3.0 311040000 5000 7000
BMS_k3_n100_m429_254 3 0.00 0.10 0.0 311040000 5000 7000
BMS_k3_n100_m429_255 3 0.30 0.35 4.0 311040000 5000 7000
BMS_k3_n100_m429_259 3 1.20 1.21 3.0 311040000 5000 7000
BMS_k3_n100_m429_26 3 1.49 1.55 4.0 311040000 5000 7000
BMS_k3_n100_m429_261 3 0.60 0.61 4.0 311040000 5000 7000
BMS_k3_n100_m429_262 3 7.18 7.25 3.0 311040000 5000 7000
BMS_k3_n100_m429_263 3 0.00 0.05 0.0 311040000 5000 7000
BMS_k3_n100_m429_265 3 0.00 0.07 0.0 311040000 5000 7000
BMS_k3_n100_m429_267 3 0.00 0.04 0.0 311040000 5000 7000
BMS_k3_n100_m429_269 3 0.40 0.43 4.0 311040000 5000 7000
BMS_k3_n100_m429_270 3 0.30 0.33 3.0 311040000 5000 7000
BMS_k3_n100_m429_271 3 0.00 0.07 0.0 311040000 5000 7000
BMS_k3_n100_m429_273 3 0.00 0.05 0.0 311040000 5000 7000
BMS_k3_n100_m429_274 3 0.00 0.00 0.0 311040000 5000 7000
BMS_k3_n100_m429_275 3 0.00 0.03 0.0 311040000 5000 7000
BMS_k3_n100_m429_277 3 0.30 0.40 3.0 311040000 5000 7000
BMS_k3_n100_m429_278 3 0.00 0.00 0.0 311040000 5000 7000
BMS_k3_n100_m429_279 3 0.40 0.51 4.0 311040000 5000 7000
BMS_k3_n100_m429_28 3 0.00 0.00 0.0 311040000 5000 7000
BMS_k3_n100_m429_281 3 0.60 0.62 4.0 311040000 5000 7000
BMS_k3_n100_m429_282 3 0.00 0.03 0.0 311040000 5000 7000
BMS_k3_n100_m429_283 3 0.00 0.09 0.0 311040000 5000 7000
BMS_k3_n100_m429_284 3 1.70 1.71 3.0 311040000 5000 7000
BMS_k3_n100_m429_285 3 0.00 0.03 0.0 311040000 5000 7000
BMS_k3_n100_m429_286 3 0.00 0.05 0.0 311040000 5000 7000
BMS_k3_n100_m429_287 3 0.00 0.05 0.0 311040000 5000 7000
BMS_k3_n100_m429_288 3 0.00 0.04 0.0 311040000 5000 7000
BMS_k3_n100_m429_290 3 5.68 5.74 4.0 311040000 5000 7000
BMS_k3_n100_m429_291 3 0.00 0.05 0.0 311040000 5000 7000
BMS_k3_n100_m429_292 3 0.30 0.35 4.0 311040000 5000 7000
BMS_k3_n100_m429_293 3 0.00 0.02 0.0 311040000 5000 7000
BMS_k3_n100_m429_294 3 0.10 0.11 4.0 311040000 5000 7000
BMS_k3_n100_m429_295 3 0.80 0.85 3.0 311040000 5000 7000
BMS_k3_n100_m429_298 3 0.00 0.06 0.0 311040000 5000 7000
BMS_k3_n100_m429_299 3 0.70 0.80 4.0 311040000 5000 7000
BMS_k3_n100_m429_3 3 0.00 0.03 0.0 311040000 5000 7000
BMS_k3_n100_m429_300 3 0.00 0.05 0.0 311040000 5000 7000
BMS_k3_n100_m429_302 3 0.50 0.55 3.0 311040000 5000 7000
BMS_k3_n100_m429_304 3 9.36 9.41 4.0 311040000 5000 7000
BMS_k3_n100_m429_308 3 0.00 0.00 0.0 311040000 5000 7000
BMS_k3_n100_m429_309 3 20.21 20.39 3.0 311040000 5000 7000
BMS_k3_n100_m429_31 3 0.40 0.46 4.0 311040000 5000 7000
BMS_k3_n100_m429_311 3 0.00 0.03 0.0 311040000 5000 7000
BMS_k3_n100_m429_312 3 0.00 0.04 0.0 311040000 5000 7000
BMS_k3_n100_m429_313 3 0.00 0.00 0.0 311040000 5000 7000
BMS_k3_n100_m429_314 3 0.00 0.04 0.0 311040000 5000 7000
BMS_k3_n100_m429_315 3 0.00 0.07 0.0 311040000 5000 7000
BMS_k3_n100_m429_316 20 0.00 0.02 0.0 311040000 5000 7000
BMS_k3_n100_m429_317 3 1.60 1.65 3.0 311040000 5000 7000
BMS_k3_n100_m429_319 3 0.00 0.08 0.0 311040000 5000 7000
BMS_k3_n100_m429_320 3 6.68 6.78 4.0 311040000 5000 7000
BMS_k3_n100_m429_322 3 0.00 0.00 0.0 311040000 5000 7000
BMS_k3_n100_m429_323 3 0.00 0.00 0.0 311040000 5000 7000
BMS_k3_n100_m429_324 3 0.00 0.05 0.0 311040000 5000 7000
BMS_k3_n100_m429_325 3 1.60 1.63 4.0 311040000 5000 7000
BMS_k3_n100_m429_326 3 0.00 0.04 0.0 311040000 5000 7000
BMS_k3_n100_m429_328 3 0.10 0.14 4.0 311040000 5000 7000
BMS_k3_n100_m429_329 3 0.00 0.07 0.0 311040000 5000 7000
BMS_k3_n100_m429_33 3 3.09 3.15 3.0 311040000 5000 7000
BMS_k3_n100_m429_330 3 0.70 0.73 4.0 311040000 5000 7000
BMS_k3_n100_m429_333 3 0.00 0.02 0.0 311040000 5000 7000
BMS_k3_n100_m429_335 3 0.00 0.05 0.0 311040000 5000 7000
BMS_k3_n100_m429_336 3 0.00 0.04 0.0 311040000 5000 7000
BMS_k3_n100_m429_337 3 0.00 0.02 0.0 311040000 5000 7000
BMS_k3_n100_m429_338 3 0.00 0.04 0.0 311040000 5000 7000
BMS_k3_n100_m429_34 3 0.00 0.03 0.0 311040000 5000 7000
BMS_k3_n100_m429_340 3 0.00 0.06 0.0 311040000 5000 7000
BMS_k3_n100_m429_341 3 5.78 5.88 4.0 311040000 5000 7000
BMS_k3_n100_m429_344 3 0.00 0.04 0.0 311040000 5000 7000
BMS_k3_n100_m429_346 3 0.00 0.06 0.0 311040000 5000 7000
BMS_k3_n100_m429_348 3 0.00 0.06 0.0 311040000 5000 7000
BMS_k3_n100_m429_350 3 3.19 3.26 4.0 311040000 5000 7000
BMS_k3_n100_m429_351 3 0.00 0.05 0.0 311040000 5000 7000
BMS_k3_n100_m429_352 3 0.00 0.10 0.0 311040000 5000 7000
BMS_k3_n100_m429_353 3 0.00 0.09 0.0 311040000 5000 7000
BMS_k3_n100_m429_354 3 0.00 0.07 0.0 311040000 5000 7000
BMS_k3_n100_m429_355 3 6.67 6.76 4.0 311040000 5000 7000
BMS_k3_n100_m429_356 3 0.00 0.03 0.0 311040000 5000 7000
BMS_k3_n100_m429_357 3 1.69 1.80 4.0 311040000 5000 7000
BMS_k3_n100_m429_358 3 0.00 0.08 0.0 311040000 5000 7000
BMS_k3_n100_m429_359 3 55.94 56.28 4.0 311040000 5000 7000
BMS_k3_n100_m429_360 3 2.39 2.51 3.0 311040000 5000 7000
BMS_k3_n100_m429_361 3 0.00 0.03 0.0 311040000 5000 7000
BMS_k3_n100_m429_363 3 0.00 0.04 0.0 311040000 5000 7000
BMS_k3_n100_m429_364 3 0.00 0.03 0.0 311040000 5000 7000
BMS_k3_n100_m429_366 3 0.10 0.14 4.0 311040000 5000 7000
BMS_k3_n100_m429_367 3 37.56 37.76 4.0 311040000 5000 7000
BMS_k3_n100_m429_369 3 0.00 0.03 0.0 311040000 5000 7000
BMS_k3_n100_m429_37 3 0.70 0.74 3.0 311040000 5000 7000
BMS_k3_n100_m429_370 3 1.69 1.73 4.0 311040000 5000 7000
BMS_k3_n100_m429_375 3 0.00 0.05 0.0 311040000 5000 7000
BMS_k3_n100_m429_376 3 0.20 0.28 3.0 311040000 5000 7000
BMS_k3_n100_m429_378 3 0.00 0.00 0.0 311040000 5000 7000
BMS_k3_n100_m429_379 3 0.00 0.05 0.0 311040000 5000 7000
BMS_k3_n100_m429_38 3 1.80 1.82 4.0 311040000 5000 7000
BMS_k3_n100_m429_380 3 0.60 0.67 3.0 311040000 5000 7000
BMS_k3_n100_m429_382 3 0.00 0.04 0.0 311040000 5000 7000
BMS_k3_n100_m429_383 3 0.90 0.91 3.0 311040000 5000 7000
BMS_k3_n100_m429_384 3 0.40 0.41 4.0 311040000 5000 7000
BMS_k3_n100_m429_385 3 0.00 0.00 0.0 311040000 5000 7000
BMS_k3_n100_m429_386 3 0.00 0.00 0.0 311040000 5000 7000
BMS_k3_n100_m429_388 3 0.00 0.08 0.0 311040000 5000 7000
BMS_k3_n100_m429_389 3 0.00 0.10 0.0 311040000 5000 7000
BMS_k3_n100_m429_39 3 0.10 0.13 3.0 311040000 5000 7000
BMS_k3_n100_m429_391 3 0.30 0.32 4.0 311040000 5000 7000
BMS_k3_n100_m429_392 3 0.00 0.00 0.0 311040000 5000 7000
BMS_k3_n100_m429_393 3 0.00 0.04 0.0 311040000 5000 7000
BMS_k3_n100_m429_394 3 0.00 0.03 0.0 311040000 5000 7000
BMS_k3_n100_m429_395 3 0.00 0.00 0.0 311040000 5000 7000
BMS_k3_n100_m429_396 3 0.90 0.97 3.0 311040000 5000 7000
BMS_k3_n100_m429_397 3 0.00 0.05 0.0 311040000 5000 7000
BMS_k3_n100_m429_398 3 2.30 2.39 3.0 311040000 5000 7000
BMS_k3_n100_m429_399 3 16.55 16.70 4.0 311040000 5000 7000
BMS_k3_n100_m429_4 3 0.10 0.19 4.0 311040000 5000 7000
BMS_k3_n100_m429_40 3 0.00 0.03 0.0 311040000 5000 7000
BMS_k3_n100_m429_400 3 0.00 0.02 0.0 311040000 5000 7000
BMS_k3_n100_m429_401 3 9.37 9.48 3.0 311040000 5000 7000
BMS_k3_n100_m429_402 3 0.00 0.05 0.0 311040000 5000 7000
BMS_k3_n100_m429_403 3 0.00 0.04 0.0 311040000 5000 7000
BMS_k3_n100_m429_406 3 0.40 0.48 4.0 311040000 5000 7000
BMS_k3_n100_m429_407 3 17.12 17.26 4.0 311040000 5000 7000
BMS_k3_n100_m429_408 3 0.00 0.00 0.0 311040000 5000 7000
BMS_k3_n100_m429_410 3 0.70 0.76 3.0 311040000 5000 7000
BMS_k3_n100_m429_411 3 0.00 0.04 0.0 311040000 5000 7000
BMS_k3_n100_m429_412 3 0.00 0.04 0.0 311040000 5000 7000
BMS_k3_n100_m429_414 3 31.76 31.98 4.0 311040000 5000 7000
BMS_k3_n100_m429_417 3 0.00 0.07 0.0 311040000 5000 7000
BMS_k3_n100_m429_418 3 1.50 1.58 4.0 311040000 5000 7000
BMS_k3_n100_m429_419 3 0.00 0.05 0.0 311040000 5000 7000
BMS_k3_n100_m429_422 3 0.00 0.05 0.0 311040000 5000 7000
BMS_k3_n100_m429_423 3 0.00 0.06 0.0 311040000 5000 7000
BMS_k3_n100_m429_424 3 0.00 0.04 0.0 311040000 5000 7000
BMS_k3_n100_m429_427 3 0.10 0.17 3.0 311040000 5000 7000
BMS_k3_n100_m429_43 3 0.00 0.00 0.0 311040000 5000 7000
BMS_k3_n100_m429_430 3 0.00 0.05 0.0 311040000 5000 7000
BMS_k3_n100_m429_432 3 0.00 0.05 0.0 311040000 5000 7000
BMS_k3_n100_m429_433 3 0.00 0.05 0.0 311040000 5000 7000
BMS_k3_n100_m429_435 3 0.00 0.02 0.0 311040000 5000 7000
BMS_k3_n100_m429_436 3 0.00 0.00 0.0 311040000 5000 7000
BMS_k3_n100_m429_439 3 35.29 35.43 3.0 311040000 5000 7000
BMS_k3_n100_m429_441 3 0.00 0.06 0.0 311040000 5000 7000
BMS_k3_n100_m429_442 3 13.55 13.63 3.0 311040000 5000 7000
BMS_k3_n100_m429_447 3 0.00 0.02 0.0 311040000 5000 7000
BMS_k3_n100_m429_448 3 0.00 0.04 0.0 311040000 5000 7000
BMS_k3_n100_m429_449 3 0.00 0.05 0.0 311040000 5000 7000
BMS_k3_n100_m429_45 3 0.00 0.04 0.0 311040000 5000 7000
BMS_k3_n100_m429_450 3 0.00 0.07 0.0 311040000 5000 7000
BMS_k3_n100_m429_451 3 1.10 1.13 4.0 311040000 5000 7000
BMS_k3_n100_m429_452 3 14.02 14.16 3.0 311040000 5000 7000
BMS_k3_n100_m429_457 3 0.00 0.09 0.0 311040000 5000 7000
BMS_k3_n100_m429_459 3 0.70 0.79 4.0 311040000 5000 7000
BMS_k3_n100_m429_46 3 0.00 0.03 0.0 311040000 5000 7000
BMS_k3_n100_m429_460 3 2.49 2.53 4.0 311040000 5000 7000
BMS_k3_n100_m429_461 3 0.40 0.45 4.0 311040000 5000 7000
BMS_k3_n100_m429_462 3 0.00 0.03 0.0 311040000 5000 7000
BMS_k3_n100_m429_463 3 19.22 19.37 4.0 311040000 5000 7000
BMS_k3_n100_m429_464 3 26.09 26.29 3.0 311040000 5000 7000
BMS_k3_n100_m429_466 3 0.10 0.14 3.0 311040000 5000 7000
BMS_k3_n100_m429_467 3 27.91 28.09 3.0 311040000 5000 7000
BMS_k3_n100_m429_47 3 0.00 0.07 0.0 311040000 5000 7000
BMS_k3_n100_m429_470 3 0.20 0.25 4.0 311040000 5000 7000
BMS_k3_n100_m429_471 3 0.00 0.00 0.0 311040000 5000 7000
BMS_k3_n100_m429_472 3 1.10 1.15 3.0 311040000 5000 7000
BMS_k3_n100_m429_473 3 0.00 0.05 0.0 311040000 5000 7000
BMS_k3_n100_m429_476 3 0.10 0.11 3.0 311040000 5000 7000
BMS_k3_n100_m429_477 3 0.00 0.07 0.0 311040000 5000 7000
BMS_k3_n100_m429_478 3 0.20 0.22 3.0 311040000 5000 7000
BMS_k3_n100_m429_48 3 0.00 0.05 0.0 311040000 5000 7000
BMS_k3_n100_m429_480 3 0.00 0.00 0.0 311040000 5000 7000
BMS_k3_n100_m429_481 3 1.00 1.02 3.0 311040000 5000 7000
BMS_k3_n100_m429_483 3 0.00 0.07 0.0 311040000 5000 7000
BMS_k3_n100_m429_485 3 0.10 0.13 4.0 311040000 5000 7000
BMS_k3_n100_m429_487 3 0.60 0.65 3.0 311040000 5000 7000
BMS_k3_n100_m429_488 3 0.60 0.71 4.0 311040000 5000 7000
BMS_k3_n100_m429_489 3 0.00 0.05 0.0 311040000 5000 7000
BMS_k3_n100_m429_49 3 2.19 2.27 3.0 311040000 5000 7000
BMS_k3_n100_m429_490 3 0.00 0.05 0.0 311040000 5000 7000
BMS_k3_n100_m429_491 3 0.10 0.16 4.0 311040000 5000 7000
BMS_k3_n100_m429_492 3 3.09 3.19 4.0 311040000 5000 7000
BMS_k3_n100_m429_494 3 0.00 0.07 0.0 311040000 5000 7000
BMS_k3_n100_m429_495 3 0.00 0.06 0.0 311040000 5000 7000
BMS_k3_n100_m429_496 3 1.90 1.92 4.0 311040000 5000 7000
BMS_k3_n100_m429_497 3 0.40 0.45 3.0 311040000 5000 7000
BMS_k3_n100_m429_498 3 0.00 0.00 0.0 311040000 5000 7000
BMS_k3_n100_m429_5 3 0.40 0.48 4.0 311040000 5000 7000
BMS_k3_n100_m429_51 3 48.40 48.62 4.0 311040000 5000 7000
BMS_k3_n100_m429_53 3 0.00 0.08 0.0 311040000 5000 7000
BMS_k3_n100_m429_54 3 21.83 21.92 4.0 311040000 5000 7000
BMS_k3_n100_m429_55 3 0.70 0.72 4.0 311040000 5000 7000
BMS_k3_n100_m429_6 3 0.40 0.42 3.0 311040000 5000 7000
BMS_k3_n100_m429_60 3 2.59 2.66 3.0 311040000 5000 7000
BMS_k3_n100_m429_61 3 0.00 0.04 0.0 311040000 5000 7000
BMS_k3_n100_m429_62 3 6.28 6.32 4.0 311040000 5000 7000
BMS_k3_n100_m429_64 3 0.00 0.06 0.0 311040000 5000 7000
BMS_k3_n100_m429_71 3 0.00 0.04 0.0 311040000 5000 7000
BMS_k3_n100_m429_72 3 56.36 56.68 4.0 311040000 5000 7000
BMS_k3_n100_m429_73 3 0.10 0.16 4.0 311040000 5000 7000
BMS_k3_n100_m429_74 3 5.38 5.51 4.0 311040000 5000 7000
BMS_k3_n100_m429_76 3 0.00 0.05 0.0 311040000 5000 7000
BMS_k3_n100_m429_77 3 0.00 0.02 0.0 311040000 5000 7000
BMS_k3_n100_m429_78 3 0.00 0.08 0.0 311040000 5000 7000
BMS_k3_n100_m429_79 3 2.68 2.77 4.0 311040000 5000 7000
BMS_k3_n100_m429_8 3 0.10 0.20 3.0 311040000 5000 7000
BMS_k3_n100_m429_80 3 0.00 0.04 0.0 311040000 5000 7000
BMS_k3_n100_m429_82 3 0.10 0.13 4.0 311040000 5000 7000
BMS_k3_n100_m429_83 3 0.40 0.46 3.0 311040000 5000 7000
BMS_k3_n100_m429_84 3 0.00 0.05 0.0 311040000 5000 7000
BMS_k3_n100_m429_85 3 0.80 0.89 4.0 311040000 5000 7000
BMS_k3_n100_m429_87 3 14.84 14.92 4.0 311040000 5000 7000
BMS_k3_n100_m429_88 3 86.54 86.93 4.0 311040000 5000 7000
BMS_k3_n100_m429_89 3 0.00 0.04 0.0 311040000 5000 7000
BMS_k3_n100_m429_9 3 4.49 4.59 3.0 311040000 5000 7000
BMS_k3_n100_m429_91 3 0.00 0.05 0.0 311040000 5000 7000
BMS_k3_n100_m429_94 3 0.70 0.76 4.0 311040000 5000 7000
BMS_k3_n100_m429_95 3 0.40 0.43 4.0 311040000 5000 7000
BMS_k3_n100_m429_97 3 0.20 0.25 3.0 311040000 5000 7000
