 result time real space tlim rlim slim
ais10 3 0.80 0.84 5.0 311040000 5000 7000
ais12 3 52.47 52.80 15.0 311040000 5000 7000
ais6 3 0.00 0.01 0.0 311040000 5000 7000
ais8 3 0.00 0.03 0.0 311040000 5000 7000
anomaly 10 0.00 0.01 0.0 311040000 5000 7000
bw_large.a 10 0.00 0.01 0.0 311040000 5000 7000
bw_large.b 3 0.00 0.04 0.0 311040000 5000 7000
bw_large.c 3 4.68 4.77 22.0 311040000 5000 7000
bw_large.d 1 4971.84 5000.05 646.0 311040000 5000 7000
huge 10 0.00 0.01 0.0 311040000 5000 7000
logistics.a 1 4978.31 5000.05 4.0 311040000 5000 7000
logistics.b 1 4982.37 5000.05 5.0 311040000 5000 7000
logistics.c 1 4980.00 5000.05 5.0 311040000 5000 7000
logistics.d 1 4981.36 5000.05 8.0 311040000 5000 7000
medium 3 0.00 0.01 0.0 311040000 5000 7000
qg1-07 3 0.00 0.02 0.0 311040000 5000 7000
qg1-08 3 5.28 5.38 12.0 311040000 5000 7000
qg2-07 3 0.00 0.02 0.0 311040000 5000 7000
qg2-08 3 6.56 6.68 13.0 311040000 5000 7000
qg3-08 3 0.00 0.03 0.0 311040000 5000 7000
qg3-09 20 1.30 1.37 6.0 311040000 5000 7000
qg4-08 20 0.00 0.02 0.0 311040000 5000 7000
qg4-09 3 1.10 1.19 5.0 311040000 5000 7000
qg5-09 20 0.00 0.01 0.0 311040000 5000 7000
qg5-10 20 0.00 0.03 0.0 311040000 5000 7000
qg5-11 3 0.00 0.11 0.0 311040000 5000 7000
qg5-12 20 0.69 0.76 13.0 311040000 5000 7000
qg5-13 20 11.35 11.49 20.0 311040000 5000 7000
qg6-09 3 0.00 0.01 0.0 311040000 5000 7000
qg6-10 20 0.00 0.01 0.0 311040000 5000 7000
qg6-11 20 0.00 0.07 0.0 311040000 5000 7000
qg6-12 20 0.59 0.67 12.0 311040000 5000 7000
qg7-09 3 0.00 0.01 0.0 311040000 5000 7000
qg7-10 20 0.00 0.02 0.0 311040000 5000 7000
qg7-11 20 0.10 0.11 8.0 311040000 5000 7000
qg7-12 20 1.20 1.26 11.0 311040000 5000 7000
qg7-13 3 28.76 29.00 19.0 311040000 5000 7000
