 result time real space tlim rlim slim
BMS_k3_n100_m429_0 3 0.79 0.86 5.0 311040000 5000 7000
BMS_k3_n100_m429_1 3 0.80 0.89 4.0 311040000 5000 7000
BMS_k3_n100_m429_10 3 34.03 34.29 4.0 311040000 5000 7000
BMS_k3_n100_m429_100 3 0.70 0.74 4.0 311040000 5000 7000
BMS_k3_n100_m429_101 3 707.73 710.55 5.0 311040000 5000 7000
BMS_k3_n100_m429_102 3 50.53 50.86 5.0 311040000 5000 7000
BMS_k3_n100_m429_103 3 0.40 0.49 5.0 311040000 5000 7000
BMS_k3_n100_m429_104 3 0.40 0.42 4.0 311040000 5000 7000
BMS_k3_n100_m429_105 3 0.30 0.34 4.0 311040000 5000 7000
BMS_k3_n100_m429_106 3 8.27 8.32 4.0 311040000 5000 7000
BMS_k3_n100_m429_107 3 727.64 730.45 5.0 311040000 5000 7000
BMS_k3_n100_m429_108 3 0.20 0.30 4.0 311040000 5000 7000
BMS_k3_n100_m429_109 3 0.10 0.14 4.0 311040000 5000 7000
BMS_k3_n100_m429_11 3 0.10 0.13 4.0 311040000 5000 7000
BMS_k3_n100_m429_110 3 5.28 5.35 4.0 311040000 5000 7000
BMS_k3_n100_m429_111 3 0.00 0.10 0.0 311040000 5000 7000
BMS_k3_n100_m429_112 3 0.00 0.09 0.0 311040000 5000 7000
BMS_k3_n100_m429_113 3 9.76 9.88 5.0 311040000 5000 7000
BMS_k3_n100_m429_114 3 0.00 0.04 0.0 311040000 5000 7000
BMS_k3_n100_m429_115 3 0.30 0.35 5.0 311040000 5000 7000
BMS_k3_n100_m429_116 3 0.50 0.61 5.0 311040000 5000 7000
BMS_k3_n100_m429_117 3 0.30 0.33 4.0 311040000 5000 7000
BMS_k3_n100_m429_118 3 0.50 0.56 5.0 311040000 5000 7000
BMS_k3_n100_m429_119 3 119.10 119.66 4.0 311040000 5000 7000
BMS_k3_n100_m429_12 3 2.19 2.23 5.0 311040000 5000 7000
BMS_k3_n100_m429_120 3 1.50 1.60 5.0 311040000 5000 7000
BMS_k3_n100_m429_121 3 0.10 0.12 4.0 311040000 5000 7000
BMS_k3_n100_m429_122 3 0.10 0.13 4.0 311040000 5000 7000
BMS_k3_n100_m429_123 3 0.10 0.18 4.0 311040000 5000 7000
BMS_k3_n100_m429_124 3 32.37 32.58 4.0 311040000 5000 7000
BMS_k3_n100_m429_125 3 1079.38 1083.35 5.0 311040000 5000 7000
BMS_k3_n100_m429_126 3 0.10 0.13 4.0 311040000 5000 7000
BMS_k3_n100_m429_127 3 0.30 0.37 5.0 311040000 5000 7000
BMS_k3_n100_m429_128 3 0.20 0.31 4.0 311040000 5000 7000
BMS_k3_n100_m429_129 3 0.99 1.09 6.0 311040000 5000 7000
BMS_k3_n100_m429_13 3 0.40 0.42 5.0 311040000 5000 7000
BMS_k3_n100_m429_130 3 0.30 0.37 4.0 311040000 5000 7000
BMS_k3_n100_m429_131 3 1.09 1.16 6.0 311040000 5000 7000
BMS_k3_n100_m429_132 3 99.54 100.13 4.0 311040000 5000 7000
BMS_k3_n100_m429_133 3 1023.11 1026.99 4.0 311040000 5000 7000
BMS_k3_n100_m429_134 3 0.10 0.13 4.0 311040000 5000 7000
BMS_k3_n100_m429_135 3 0.30 0.38 5.0 311040000 5000 7000
BMS_k3_n100_m429_136 3 0.20 0.31 5.0 311040000 5000 7000
BMS_k3_n100_m429_137 3 3.88 3.99 5.0 311040000 5000 7000
BMS_k3_n100_m429_138 3 126.29 126.97 6.0 311040000 5000 7000
BMS_k3_n100_m429_139 3 1.29 1.38 4.0 311040000 5000 7000
BMS_k3_n100_m429_14 3 5.57 5.69 4.0 311040000 5000 7000
BMS_k3_n100_m429_140 3 0.10 0.19 4.0 311040000 5000 7000
BMS_k3_n100_m429_141 3 0.20 0.29 4.0 311040000 5000 7000
BMS_k3_n100_m429_142 3 0.20 0.30 4.0 311040000 5000 7000
BMS_k3_n100_m429_143 3 0.60 0.66 4.0 311040000 5000 7000
BMS_k3_n100_m429_144 3 0.10 0.12 4.0 311040000 5000 7000
BMS_k3_n100_m429_145 3 0.40 0.43 5.0 311040000 5000 7000
BMS_k3_n100_m429_146 3 0.20 0.27 5.0 311040000 5000 7000
BMS_k3_n100_m429_147 3 0.20 0.22 4.0 311040000 5000 7000
BMS_k3_n100_m429_148 3 1.90 1.98 4.0 311040000 5000 7000
BMS_k3_n100_m429_149 3 0.40 0.44 5.0 311040000 5000 7000
BMS_k3_n100_m429_15 3 0.10 0.17 4.0 311040000 5000 7000
BMS_k3_n100_m429_150 3 1.20 1.27 5.0 311040000 5000 7000
BMS_k3_n100_m429_151 3 0.10 0.18 4.0 311040000 5000 7000
BMS_k3_n100_m429_152 3 2.29 2.36 5.0 311040000 5000 7000
BMS_k3_n100_m429_153 3 0.20 0.22 5.0 311040000 5000 7000
BMS_k3_n100_m429_154 3 0.10 0.12 4.0 311040000 5000 7000
BMS_k3_n100_m429_155 3 0.10 0.17 4.0 311040000 5000 7000
BMS_k3_n100_m429_156 3 0.20 0.28 4.0 311040000 5000 7000
BMS_k3_n100_m429_157 3 41.22 41.45 4.0 311040000 5000 7000
BMS_k3_n100_m429_158 3 0.10 0.20 4.0 311040000 5000 7000
BMS_k3_n100_m429_159 3 0.40 0.44 5.0 311040000 5000 7000
BMS_k3_n100_m429_16 3 0.40 0.42 5.0 311040000 5000 7000
BMS_k3_n100_m429_160 3 0.50 0.61 5.0 311040000 5000 7000
BMS_k3_n100_m429_161 3 353.67 355.16 4.0 311040000 5000 7000
BMS_k3_n100_m429_162 3 0.90 0.99 6.0 311040000 5000 7000
BMS_k3_n100_m429_163 3 0.49 0.56 5.0 311040000 5000 7000
BMS_k3_n100_m429_164 3 0.10 0.18 4.0 311040000 5000 7000
BMS_k3_n100_m429_165 3 0.10 0.13 4.0 311040000 5000 7000
BMS_k3_n100_m429_166 3 0.10 0.17 4.0 311040000 5000 7000
BMS_k3_n100_m429_167 3 2.10 2.15 4.0 311040000 5000 7000
BMS_k3_n100_m429_168 3 0.40 0.42 5.0 311040000 5000 7000
BMS_k3_n100_m429_169 3 0.90 0.91 4.0 311040000 5000 7000
BMS_k3_n100_m429_17 3 0.00 0.08 0.0 311040000 5000 7000
BMS_k3_n100_m429_170 3 15.54 15.68 4.0 311040000 5000 7000
BMS_k3_n100_m429_171 3 0.20 0.28 4.0 311040000 5000 7000
BMS_k3_n100_m429_172 3 3592.33 3602.47 5.0 311040000 5000 7000
BMS_k3_n100_m429_173 3 0.10 0.11 4.0 311040000 5000 7000
BMS_k3_n100_m429_174 3 8.37 8.44 4.0 311040000 5000 7000
BMS_k3_n100_m429_175 3 0.60 0.62 5.0 311040000 5000 7000
BMS_k3_n100_m429_176 3 0.60 0.64 5.0 311040000 5000 7000
BMS_k3_n100_m429_177 3 0.20 0.23 4.0 311040000 5000 7000
BMS_k3_n100_m429_178 3 0.00 0.08 0.0 311040000 5000 7000
BMS_k3_n100_m429_179 3 4372.44 4388.96 6.0 311040000 5000 7000
BMS_k3_n100_m429_18 3 0.90 0.98 4.0 311040000 5000 7000
BMS_k3_n100_m429_180 3 0.40 0.41 5.0 311040000 5000 7000
BMS_k3_n100_m429_181 3 0.40 0.49 4.0 311040000 5000 7000
BMS_k3_n100_m429_182 3 123.95 124.45 5.0 311040000 5000 7000
BMS_k3_n100_m429_183 3 0.20 0.28 5.0 311040000 5000 7000
BMS_k3_n100_m429_184 3 0.10 0.12 4.0 311040000 5000 7000
BMS_k3_n100_m429_185 3 0.10 0.14 4.0 311040000 5000 7000
BMS_k3_n100_m429_186 3 0.30 0.31 5.0 311040000 5000 7000
BMS_k3_n100_m429_187 3 3.38 3.48 5.0 311040000 5000 7000
BMS_k3_n100_m429_188 3 284.85 286.35 5.0 311040000 5000 7000
BMS_k3_n100_m429_189 3 0.40 0.50 5.0 311040000 5000 7000
BMS_k3_n100_m429_19 3 3.89 3.99 4.0 311040000 5000 7000
BMS_k3_n100_m429_190 3 0.30 0.32 4.0 311040000 5000 7000
BMS_k3_n100_m429_191 3 0.10 0.17 4.0 311040000 5000 7000
BMS_k3_n100_m429_192 3 5.48 5.59 4.0 311040000 5000 7000
BMS_k3_n100_m429_193 3 0.20 0.29 4.0 311040000 5000 7000
BMS_k3_n100_m429_194 3 0.10 0.20 4.0 311040000 5000 7000
BMS_k3_n100_m429_195 3 0.30 0.37 5.0 311040000 5000 7000
BMS_k3_n100_m429_196 3 0.40 0.44 5.0 311040000 5000 7000
BMS_k3_n100_m429_197 3 0.20 0.31 4.0 311040000 5000 7000
BMS_k3_n100_m429_198 3 0.00 0.09 0.0 311040000 5000 7000
BMS_k3_n100_m429_199 3 0.10 0.17 4.0 311040000 5000 7000
BMS_k3_n100_m429_2 3 0.10 0.12 4.0 311040000 5000 7000
BMS_k3_n100_m429_20 3 0.20 0.23 4.0 311040000 5000 7000
BMS_k3_n100_m429_200 3 1.10 1.14 4.0 311040000 5000 7000
BMS_k3_n100_m429_201 3 0.10 0.18 4.0 311040000 5000 7000
BMS_k3_n100_m429_202 3 0.50 0.55 4.0 311040000 5000 7000
BMS_k3_n100_m429_203 3 0.20 0.25 4.0 311040000 5000 7000
BMS_k3_n100_m429_204 3 0.80 0.81 5.0 311040000 5000 7000
BMS_k3_n100_m429_205 3 180.40 181.21 4.0 311040000 5000 7000
BMS_k3_n100_m429_206 3 2.69 2.74 4.0 311040000 5000 7000
BMS_k3_n100_m429_207 3 7.87 7.99 4.0 311040000 5000 7000
BMS_k3_n100_m429_208 3 136.77 137.33 5.0 311040000 5000 7000
BMS_k3_n100_m429_209 3 0.40 0.47 5.0 311040000 5000 7000
BMS_k3_n100_m429_21 3 13.53 13.67 4.0 311040000 5000 7000
BMS_k3_n100_m429_210 3 359.52 360.87 4.0 311040000 5000 7000
BMS_k3_n100_m429_211 3 0.10 0.13 4.0 311040000 5000 7000
BMS_k3_n100_m429_212 3 0.20 0.27 4.0 311040000 5000 7000
BMS_k3_n100_m429_213 3 56.56 56.98 4.0 311040000 5000 7000
BMS_k3_n100_m429_214 3 0.20 0.23 5.0 311040000 5000 7000
BMS_k3_n100_m429_215 3 0.00 0.06 0.0 311040000 5000 7000
BMS_k3_n100_m429_216 3 0.10 0.19 4.0 311040000 5000 7000
BMS_k3_n100_m429_217 3 0.00 0.09 0.0 311040000 5000 7000
BMS_k3_n100_m429_218 3 1.19 1.25 6.0 311040000 5000 7000
BMS_k3_n100_m429_219 3 0.10 0.14 4.0 311040000 5000 7000
BMS_k3_n100_m429_22 3 21.23 21.40 4.0 311040000 5000 7000
BMS_k3_n100_m429_220 3 0.80 0.84 4.0 311040000 5000 7000
BMS_k3_n100_m429_221 3 1372.16 1376.92 5.0 311040000 5000 7000
BMS_k3_n100_m429_222 3 1.30 1.41 4.0 311040000 5000 7000
BMS_k3_n100_m429_223 3 0.20 0.22 4.0 311040000 5000 7000
BMS_k3_n100_m429_224 3 4.78 4.89 5.0 311040000 5000 7000
BMS_k3_n100_m429_225 3 0.20 0.28 4.0 311040000 5000 7000
BMS_k3_n100_m429_226 3 0.40 0.43 5.0 311040000 5000 7000
BMS_k3_n100_m429_227 3 0.30 0.36 4.0 311040000 5000 7000
BMS_k3_n100_m429_228 3 0.40 0.44 5.0 311040000 5000 7000
BMS_k3_n100_m429_229 3 26.87 27.07 5.0 311040000 5000 7000
BMS_k3_n100_m429_23 3 0.50 0.57 5.0 311040000 5000 7000
BMS_k3_n100_m429_230 3 0.10 0.12 4.0 311040000 5000 7000
BMS_k3_n100_m429_231 3 219.86 220.88 4.0 311040000 5000 7000
BMS_k3_n100_m429_232 3 0.20 0.23 4.0 311040000 5000 7000
BMS_k3_n100_m429_233 3 0.90 0.92 6.0 311040000 5000 7000
BMS_k3_n100_m429_234 3 0.69 0.80 6.0 311040000 5000 7000
BMS_k3_n100_m429_235 3 0.40 0.43 5.0 311040000 5000 7000
BMS_k3_n100_m429_236 3 0.70 0.79 5.0 311040000 5000 7000
BMS_k3_n100_m429_237 3 0.00 0.11 0.0 311040000 5000 7000
BMS_k3_n100_m429_238 3 0.10 0.15 4.0 311040000 5000 7000
BMS_k3_n100_m429_239 3 0.10 0.15 4.0 311040000 5000 7000
BMS_k3_n100_m429_24 3 0.18 0.24 5.0 311040000 5000 7000
BMS_k3_n100_m429_240 3 0.20 0.31 5.0 311040000 5000 7000
BMS_k3_n100_m429_241 3 0.90 1.01 4.0 311040000 5000 7000
BMS_k3_n100_m429_242 3 0.30 0.35 4.0 311040000 5000 7000
BMS_k3_n100_m429_243 3 5.98 6.10 5.0 311040000 5000 7000
BMS_k3_n100_m429_244 3 0.50 0.58 3.0 311040000 5000 7000
BMS_k3_n100_m429_245 3 0.20 0.24 4.0 311040000 5000 7000
BMS_k3_n100_m429_246 3 0.30 0.36 4.0 311040000 5000 7000
BMS_k3_n100_m429_247 3 0.10 0.12 4.0 311040000 5000 7000
BMS_k3_n100_m429_248 3 5.97 6.06 4.0 311040000 5000 7000
BMS_k3_n100_m429_249 3 9.07 9.13 5.0 311040000 5000 7000
BMS_k3_n100_m429_25 3 0.10 0.11 4.0 311040000 5000 7000
BMS_k3_n100_m429_250 3 0.30 0.33 5.0 311040000 5000 7000
BMS_k3_n100_m429_251 3 0.50 0.51 5.0 311040000 5000 7000
BMS_k3_n100_m429_252 3 1.59 1.67 6.0 311040000 5000 7000
BMS_k3_n100_m429_253 3 0.10 0.17 4.0 311040000 5000 7000
BMS_k3_n100_m429_254 3 0.10 0.21 4.0 311040000 5000 7000
BMS_k3_n100_m429_255 3 0.50 0.57 5.0 311040000 5000 7000
BMS_k3_n100_m429_256 3 0.40 0.50 4.0 311040000 5000 7000
BMS_k3_n100_m429_257 3 22.02 22.14 4.0 311040000 5000 7000
BMS_k3_n100_m429_258 3 9.16 9.26 5.0 311040000 5000 7000
BMS_k3_n100_m429_259 3 1.30 1.32 5.0 311040000 5000 7000
BMS_k3_n100_m429_26 3 0.80 0.89 4.0 311040000 5000 7000
BMS_k3_n100_m429_260 3 185.92 186.80 5.0 311040000 5000 7000
BMS_k3_n100_m429_261 3 1.00 1.10 5.0 311040000 5000 7000
BMS_k3_n100_m429_262 3 4.09 4.12 4.0 311040000 5000 7000
BMS_k3_n100_m429_263 3 0.20 0.25 5.0 311040000 5000 7000
BMS_k3_n100_m429_264 3 0.10 0.17 4.0 311040000 5000 7000
BMS_k3_n100_m429_265 3 0.20 0.30 4.0 311040000 5000 7000
BMS_k3_n100_m429_266 3 1.49 1.51 6.0 311040000 5000 7000
BMS_k3_n100_m429_267 3 0.10 0.12 4.0 311040000 5000 7000
BMS_k3_n100_m429_268 3 0.30 0.37 5.0 311040000 5000 7000
BMS_k3_n100_m429_269 3 0.60 0.62 4.0 311040000 5000 7000
BMS_k3_n100_m429_27 3 21.02 21.17 5.0 311040000 5000 7000
BMS_k3_n100_m429_270 3 0.30 0.31 4.0 311040000 5000 7000
BMS_k3_n100_m429_271 3 0.10 0.15 4.0 311040000 5000 7000
BMS_k3_n100_m429_272 3 0.20 0.28 4.0 311040000 5000 7000
BMS_k3_n100_m429_273 3 0.30 0.33 4.0 311040000 5000 7000
BMS_k3_n100_m429_274 3 1683.93 1689.32 4.0 311040000 5000 7000
BMS_k3_n100_m429_275 3 0.20 0.30 4.0 311040000 5000 7000
BMS_k3_n100_m429_276 3 0.70 0.80 5.0 311040000 5000 7000
BMS_k3_n100_m429_277 3 0.20 0.25 4.0 311040000 5000 7000
BMS_k3_n100_m429_278 1 4985.84 5000.05 4.0 311040000 5000 7000
BMS_k3_n100_m429_279 3 0.70 0.77 5.0 311040000 5000 7000
BMS_k3_n100_m429_28 3 822.97 825.88 4.0 311040000 5000 7000
BMS_k3_n100_m429_280 3 22.51 22.68 5.0 311040000 5000 7000
BMS_k3_n100_m429_281 3 0.40 0.48 4.0 311040000 5000 7000
BMS_k3_n100_m429_282 3 0.20 0.21 4.0 311040000 5000 7000
BMS_k3_n100_m429_283 3 0.20 0.28 4.0 311040000 5000 7000
BMS_k3_n100_m429_284 3 0.80 0.88 4.0 311040000 5000 7000
BMS_k3_n100_m429_285 3 0.20 0.25 4.0 311040000 5000 7000
BMS_k3_n100_m429_286 3 0.10 0.16 4.0 311040000 5000 7000
BMS_k3_n100_m429_287 3 0.00 0.09 0.0 311040000 5000 7000
BMS_k3_n100_m429_288 3 0.00 0.08 0.0 311040000 5000 7000
BMS_k3_n100_m429_289 3 10.15 10.21 4.0 311040000 5000 7000
BMS_k3_n100_m429_29 3 0.50 0.52 5.0 311040000 5000 7000
BMS_k3_n100_m429_290 3 0.70 0.78 4.0 311040000 5000 7000
BMS_k3_n100_m429_291 3 0.10 0.16 4.0 311040000 5000 7000
BMS_k3_n100_m429_292 3 0.60 0.62 5.0 311040000 5000 7000
BMS_k3_n100_m429_293 3 0.20 0.28 4.0 311040000 5000 7000
BMS_k3_n100_m429_294 3 0.10 0.11 4.0 311040000 5000 7000
BMS_k3_n100_m429_295 3 0.70 0.72 4.0 311040000 5000 7000
BMS_k3_n100_m429_296 3 0.10 0.15 4.0 311040000 5000 7000
BMS_k3_n100_m429_297 3 0.20 0.24 4.0 311040000 5000 7000
BMS_k3_n100_m429_298 3 0.20 0.23 4.0 311040000 5000 7000
BMS_k3_n100_m429_299 3 0.20 0.29 4.0 311040000 5000 7000
BMS_k3_n100_m429_3 3 0.20 0.30 4.0 311040000 5000 7000
BMS_k3_n100_m429_30 1 4981.74 5000.05 4.0 311040000 5000 7000
BMS_k3_n100_m429_300 3 0.10 0.12 4.0 311040000 5000 7000
BMS_k3_n100_m429_301 3 1.00 1.03 4.0 311040000 5000 7000
BMS_k3_n100_m429_302 3 0.50 0.55 4.0 311040000 5000 7000
BMS_k3_n100_m429_303 1 4984.91 5000.05 3.0 311040000 5000 7000
BMS_k3_n100_m429_304 3 2.89 2.99 4.0 311040000 5000 7000
BMS_k3_n100_m429_305 3 0.30 0.39 5.0 311040000 5000 7000
BMS_k3_n100_m429_306 3 9.17 9.23 4.0 311040000 5000 7000
BMS_k3_n100_m429_307 3 1.79 1.87 5.0 311040000 5000 7000
BMS_k3_n100_m429_308 3 666.13 668.26 4.0 311040000 5000 7000
BMS_k3_n100_m429_309 3 8.67 8.79 3.0 311040000 5000 7000
BMS_k3_n100_m429_31 3 0.40 0.42 5.0 311040000 5000 7000
BMS_k3_n100_m429_310 3 0.10 0.19 4.0 311040000 5000 7000
BMS_k3_n100_m429_311 3 0.10 0.21 4.0 311040000 5000 7000
BMS_k3_n100_m429_312 3 0.20 0.24 5.0 311040000 5000 7000
BMS_k3_n100_m429_313 3 3276.97 3288.18 4.0 311040000 5000 7000
BMS_k3_n100_m429_314 3 0.10 0.12 4.0 311040000 5000 7000
BMS_k3_n100_m429_315 3 0.10 0.11 4.0 311040000 5000 7000
BMS_k3_n100_m429_316 3 0.20 0.26 4.0 311040000 5000 7000
BMS_k3_n100_m429_317 3 0.50 0.56 4.0 311040000 5000 7000
BMS_k3_n100_m429_318 3 0.00 0.10 0.0 311040000 5000 7000
BMS_k3_n100_m429_319 3 0.50 0.59 5.0 311040000 5000 7000
BMS_k3_n100_m429_32 3 6.18 6.25 5.0 311040000 5000 7000
BMS_k3_n100_m429_320 3 3.39 3.49 5.0 311040000 5000 7000
BMS_k3_n100_m429_321 3 0.20 0.25 4.0 311040000 5000 7000
BMS_k3_n100_m429_322 3 1190.41 1195.30 5.0 311040000 5000 7000
BMS_k3_n100_m429_323 3 41.43 41.68 4.0 311040000 5000 7000
BMS_k3_n100_m429_324 3 0.20 0.21 4.0 311040000 5000 7000
BMS_k3_n100_m429_325 3 1.39 1.46 5.0 311040000 5000 7000
BMS_k3_n100_m429_326 3 0.10 0.11 0.0 311040000 5000 7000
BMS_k3_n100_m429_327 3 0.00 0.11 0.0 311040000 5000 7000
BMS_k3_n100_m429_328 3 0.20 0.23 4.0 311040000 5000 7000
BMS_k3_n100_m429_329 3 0.10 0.21 4.0 311040000 5000 7000
BMS_k3_n100_m429_33 3 2.69 2.73 5.0 311040000 5000 7000
BMS_k3_n100_m429_330 3 0.50 0.55 5.0 311040000 5000 7000
BMS_k3_n100_m429_331 3 0.10 0.20 4.0 311040000 5000 7000
BMS_k3_n100_m429_332 3 0.30 0.32 4.0 311040000 5000 7000
BMS_k3_n100_m429_333 3 0.10 0.14 4.0 311040000 5000 7000
BMS_k3_n100_m429_334 3 0.10 0.12 4.0 311040000 5000 7000
BMS_k3_n100_m429_335 3 0.40 0.51 5.0 311040000 5000 7000
BMS_k3_n100_m429_336 3 0.30 0.31 5.0 311040000 5000 7000
BMS_k3_n100_m429_337 3 0.20 0.23 4.0 311040000 5000 7000
BMS_k3_n100_m429_338 3 0.10 0.19 4.0 311040000 5000 7000
BMS_k3_n100_m429_339 3 0.10 0.17 4.0 311040000 5000 7000
BMS_k3_n100_m429_34 3 0.20 0.26 4.0 311040000 5000 7000
BMS_k3_n100_m429_340 3 0.10 0.13 4.0 311040000 5000 7000
BMS_k3_n100_m429_341 3 4.28 4.36 6.0 311040000 5000 7000
BMS_k3_n100_m429_342 3 0.60 0.64 5.0 311040000 5000 7000
BMS_k3_n100_m429_343 3 109.64 110.05 5.0 311040000 5000 7000
BMS_k3_n100_m429_344 3 0.20 0.27 4.0 311040000 5000 7000
BMS_k3_n100_m429_345 3 0.80 0.82 4.0 311040000 5000 7000
BMS_k3_n100_m429_346 3 0.00 0.06 0.0 311040000 5000 7000
BMS_k3_n100_m429_347 3 0.90 0.93 6.0 311040000 5000 7000
BMS_k3_n100_m429_348 3 0.20 0.31 4.0 311040000 5000 7000
BMS_k3_n100_m429_349 3 2483.10 2492.67 5.0 311040000 5000 7000
BMS_k3_n100_m429_35 3 0.20 0.24 4.0 311040000 5000 7000
BMS_k3_n100_m429_350 3 2.40 2.48 5.0 311040000 5000 7000
BMS_k3_n100_m429_351 3 0.40 0.48 5.0 311040000 5000 7000
BMS_k3_n100_m429_352 3 0.00 0.10 0.0 311040000 5000 7000
BMS_k3_n100_m429_353 3 0.10 0.12 4.0 311040000 5000 7000
BMS_k3_n100_m429_354 3 0.10 0.20 4.0 311040000 5000 7000
BMS_k3_n100_m429_355 3 6.97 7.03 6.0 311040000 5000 7000
BMS_k3_n100_m429_356 3 0.30 0.32 5.0 311040000 5000 7000
BMS_k3_n100_m429_357 3 1.99 2.09 5.0 311040000 5000 7000
BMS_k3_n100_m429_358 3 0.50 0.59 5.0 311040000 5000 7000
BMS_k3_n100_m429_359 3 47.07 47.33 6.0 311040000 5000 7000
BMS_k3_n100_m429_36 3 1.99 2.10 4.0 311040000 5000 7000
BMS_k3_n100_m429_360 3 2.39 2.41 4.0 311040000 5000 7000
BMS_k3_n100_m429_361 3 0.10 0.14 4.0 311040000 5000 7000
BMS_k3_n100_m429_362 3 0.10 0.13 4.0 311040000 5000 7000
BMS_k3_n100_m429_363 3 0.20 0.24 4.0 311040000 5000 7000
BMS_k3_n100_m429_364 3 0.30 0.41 5.0 311040000 5000 7000
BMS_k3_n100_m429_365 3 0.30 0.32 4.0 311040000 5000 7000
BMS_k3_n100_m429_366 3 0.10 0.18 4.0 311040000 5000 7000
BMS_k3_n100_m429_367 3 17.03 17.20 5.0 311040000 5000 7000
BMS_k3_n100_m429_368 3 67.16 67.48 5.0 311040000 5000 7000
BMS_k3_n100_m429_369 3 0.30 0.32 4.0 311040000 5000 7000
BMS_k3_n100_m429_37 3 0.60 0.62 5.0 311040000 5000 7000
BMS_k3_n100_m429_370 3 0.80 0.86 4.0 311040000 5000 7000
BMS_k3_n100_m429_371 3 0.20 0.23 4.0 311040000 5000 7000
BMS_k3_n100_m429_372 3 0.40 0.50 4.0 311040000 5000 7000
BMS_k3_n100_m429_373 3 0.00 0.08 0.0 311040000 5000 7000
BMS_k3_n100_m429_374 3 30.47 30.66 4.0 311040000 5000 7000
BMS_k3_n100_m429_375 3 0.10 0.16 4.0 311040000 5000 7000
BMS_k3_n100_m429_376 3 0.20 0.24 4.0 311040000 5000 7000
BMS_k3_n100_m429_377 3 0.60 0.62 5.0 311040000 5000 7000
BMS_k3_n100_m429_378 3 125.96 126.48 4.0 311040000 5000 7000
BMS_k3_n100_m429_379 3 0.10 0.15 4.0 311040000 5000 7000
BMS_k3_n100_m429_38 3 1.50 1.60 5.0 311040000 5000 7000
BMS_k3_n100_m429_380 3 0.40 0.43 5.0 311040000 5000 7000
BMS_k3_n100_m429_381 3 9.66 9.75 5.0 311040000 5000 7000
BMS_k3_n100_m429_382 3 0.20 0.27 4.0 311040000 5000 7000
BMS_k3_n100_m429_383 3 0.90 0.93 4.0 311040000 5000 7000
BMS_k3_n100_m429_384 3 0.50 0.52 4.0 311040000 5000 7000
BMS_k3_n100_m429_385 3 440.92 442.52 5.0 311040000 5000 7000
BMS_k3_n100_m429_386 3 446.63 448.68 4.0 311040000 5000 7000
BMS_k3_n100_m429_387 3 129.25 129.80 5.0 311040000 5000 7000
BMS_k3_n100_m429_388 3 0.10 0.18 4.0 311040000 5000 7000
BMS_k3_n100_m429_389 3 0.30 0.34 5.0 311040000 5000 7000
BMS_k3_n100_m429_39 3 0.20 0.21 4.0 311040000 5000 7000
BMS_k3_n100_m429_390 3 0.20 0.24 5.0 311040000 5000 7000
BMS_k3_n100_m429_391 3 0.30 0.41 4.0 311040000 5000 7000
BMS_k3_n100_m429_392 3 261.68 262.62 5.0 311040000 5000 7000
BMS_k3_n100_m429_393 3 0.10 0.13 4.0 311040000 5000 7000
BMS_k3_n100_m429_394 3 0.20 0.30 4.0 311040000 5000 7000
BMS_k3_n100_m429_395 3 189.70 190.76 4.0 311040000 5000 7000
BMS_k3_n100_m429_396 3 1.00 1.08 4.0 311040000 5000 7000
BMS_k3_n100_m429_397 3 0.10 0.17 4.0 311040000 5000 7000
BMS_k3_n100_m429_398 3 0.40 0.47 4.0 311040000 5000 7000
BMS_k3_n100_m429_399 3 6.18 6.24 5.0 311040000 5000 7000
BMS_k3_n100_m429_4 3 0.20 0.27 4.0 311040000 5000 7000
BMS_k3_n100_m429_40 3 0.00 0.10 0.0 311040000 5000 7000
BMS_k3_n100_m429_400 3 0.00 0.11 0.0 311040000 5000 7000
BMS_k3_n100_m429_401 3 1.30 1.36 4.0 311040000 5000 7000
BMS_k3_n100_m429_402 3 0.10 0.19 4.0 311040000 5000 7000
BMS_k3_n100_m429_403 3 0.30 0.33 5.0 311040000 5000 7000
BMS_k3_n100_m429_404 3 0.00 0.08 0.0 311040000 5000 7000
BMS_k3_n100_m429_405 3 0.30 0.32 5.0 311040000 5000 7000
BMS_k3_n100_m429_406 3 0.40 0.45 5.0 311040000 5000 7000
BMS_k3_n100_m429_407 3 10.46 10.52 4.0 311040000 5000 7000
BMS_k3_n100_m429_408 3 267.54 268.58 4.0 311040000 5000 7000
BMS_k3_n100_m429_409 3 0.20 0.22 5.0 311040000 5000 7000
BMS_k3_n100_m429_41 3 0.20 0.25 4.0 311040000 5000 7000
BMS_k3_n100_m429_410 3 0.60 0.65 5.0 311040000 5000 7000
BMS_k3_n100_m429_411 3 0.20 0.23 4.0 311040000 5000 7000
BMS_k3_n100_m429_412 3 0.10 0.21 4.0 311040000 5000 7000
BMS_k3_n100_m429_413 3 0.40 0.49 5.0 311040000 5000 7000
BMS_k3_n100_m429_414 3 9.17 9.25 4.0 311040000 5000 7000
BMS_k3_n100_m429_415 3 7.47 7.60 6.0 311040000 5000 7000
BMS_k3_n100_m429_416 3 0.10 0.12 4.0 311040000 5000 7000
BMS_k3_n100_m429_417 3 0.50 0.53 5.0 311040000 5000 7000
BMS_k3_n100_m429_418 3 1.00 1.10 4.0 311040000 5000 7000
BMS_k3_n100_m429_419 3 0.40 0.47 5.0 311040000 5000 7000
BMS_k3_n100_m429_42 3 0.30 0.34 4.0 311040000 5000 7000
BMS_k3_n100_m429_420 3 3.59 3.70 4.0 311040000 5000 7000
BMS_k3_n100_m429_421 3 3.98 4.04 6.0 311040000 5000 7000
BMS_k3_n100_m429_422 3 0.20 0.24 4.0 311040000 5000 7000
BMS_k3_n100_m429_423 3 0.00 0.09 0.0 311040000 5000 7000
BMS_k3_n100_m429_424 3 0.10 0.14 4.0 311040000 5000 7000
BMS_k3_n100_m429_425 3 7.87 7.94 5.0 311040000 5000 7000
BMS_k3_n100_m429_426 3 7.86 7.94 4.0 311040000 5000 7000
BMS_k3_n100_m429_427 3 0.20 0.24 4.0 311040000 5000 7000
BMS_k3_n100_m429_428 3 0.80 0.88 5.0 311040000 5000 7000
BMS_k3_n100_m429_429 3 0.40 0.45 4.0 311040000 5000 7000
BMS_k3_n100_m429_43 3 179.80 180.79 4.0 311040000 5000 7000
BMS_k3_n100_m429_430 3 0.10 0.13 4.0 311040000 5000 7000
BMS_k3_n100_m429_431 3 1.20 1.30 5.0 311040000 5000 7000
BMS_k3_n100_m429_432 3 0.00 0.08 0.0 311040000 5000 7000
BMS_k3_n100_m429_433 3 0.20 0.23 4.0 311040000 5000 7000
BMS_k3_n100_m429_434 3 0.10 0.12 4.0 311040000 5000 7000
BMS_k3_n100_m429_435 3 0.10 0.12 4.0 311040000 5000 7000
BMS_k3_n100_m429_436 3 36.10 36.35 4.0 311040000 5000 7000
BMS_k3_n100_m429_437 3 0.30 0.35 4.0 311040000 5000 7000
BMS_k3_n100_m429_438 3 1.40 1.42 5.0 311040000 5000 7000
BMS_k3_n100_m429_439 3 18.83 18.97 5.0 311040000 5000 7000
BMS_k3_n100_m429_44 3 0.40 0.44 4.0 311040000 5000 7000
BMS_k3_n100_m429_440 3 13.65 13.81 5.0 311040000 5000 7000
BMS_k3_n100_m429_441 3 0.10 0.17 4.0 311040000 5000 7000
BMS_k3_n100_m429_442 3 6.38 6.44 4.0 311040000 5000 7000
BMS_k3_n100_m429_443 3 1.99 2.02 4.0 311040000 5000 7000
BMS_k3_n100_m429_444 3 0.20 0.30 5.0 311040000 5000 7000
BMS_k3_n100_m429_445 3 9.47 9.58 4.0 311040000 5000 7000
BMS_k3_n100_m429_446 3 0.70 0.80 5.0 311040000 5000 7000
BMS_k3_n100_m429_447 3 0.10 0.17 4.0 311040000 5000 7000
BMS_k3_n100_m429_448 3 0.20 0.21 4.0 311040000 5000 7000
BMS_k3_n100_m429_449 3 0.00 0.08 0.0 311040000 5000 7000
BMS_k3_n100_m429_45 3 0.10 0.19 4.0 311040000 5000 7000
BMS_k3_n100_m429_450 3 0.40 0.48 5.0 311040000 5000 7000
BMS_k3_n100_m429_451 3 0.90 0.98 5.0 311040000 5000 7000
BMS_k3_n100_m429_452 3 9.36 9.45 4.0 311040000 5000 7000
BMS_k3_n100_m429_453 3 32.15 32.31 4.0 311040000 5000 7000
BMS_k3_n100_m429_454 1 4984.55 5000.05 5.0 311040000 5000 7000
BMS_k3_n100_m429_455 3 0.20 0.24 4.0 311040000 5000 7000
BMS_k3_n100_m429_456 3 0.20 0.23 4.0 311040000 5000 7000
BMS_k3_n100_m429_457 3 0.10 0.20 4.0 311040000 5000 7000
BMS_k3_n100_m429_458 3 0.20 0.29 4.0 311040000 5000 7000
BMS_k3_n100_m429_459 3 0.40 0.45 4.0 311040000 5000 7000
BMS_k3_n100_m429_46 3 0.70 0.72 6.0 311040000 5000 7000
BMS_k3_n100_m429_460 3 0.80 0.91 5.0 311040000 5000 7000
BMS_k3_n100_m429_461 3 0.20 0.29 4.0 311040000 5000 7000
BMS_k3_n100_m429_462 3 0.00 0.06 0.0 311040000 5000 7000
BMS_k3_n100_m429_463 3 15.93 16.03 4.0 311040000 5000 7000
BMS_k3_n100_m429_464 3 2.99 3.02 4.0 311040000 5000 7000
BMS_k3_n100_m429_465 3 0.20 0.31 4.0 311040000 5000 7000
BMS_k3_n100_m429_466 3 0.10 0.19 4.0 311040000 5000 7000
BMS_k3_n100_m429_467 3 10.17 10.28 4.0 311040000 5000 7000
BMS_k3_n100_m429_468 3 0.70 0.77 5.0 311040000 5000 7000
BMS_k3_n100_m429_469 3 0.10 0.12 4.0 311040000 5000 7000
BMS_k3_n100_m429_47 3 0.00 0.10 0.0 311040000 5000 7000
BMS_k3_n100_m429_470 3 0.20 0.27 4.0 311040000 5000 7000
BMS_k3_n100_m429_471 3 54.74 55.05 4.0 311040000 5000 7000
BMS_k3_n100_m429_472 3 1.39 1.48 6.0 311040000 5000 7000
BMS_k3_n100_m429_473 3 0.10 0.16 4.0 311040000 5000 7000
BMS_k3_n100_m429_474 3 0.60 0.70 4.0 311040000 5000 7000
BMS_k3_n100_m429_475 3 1.10 1.16 4.0 311040000 5000 7000
BMS_k3_n100_m429_476 3 0.10 0.15 4.0 311040000 5000 7000
BMS_k3_n100_m429_477 3 0.60 0.66 5.0 311040000 5000 7000
BMS_k3_n100_m429_478 3 0.10 0.17 4.0 311040000 5000 7000
BMS_k3_n100_m429_479 3 811.20 813.77 6.0 311040000 5000 7000
BMS_k3_n100_m429_48 3 0.40 0.43 5.0 311040000 5000 7000
BMS_k3_n100_m429_480 3 1464.23 1469.07 5.0 311040000 5000 7000
BMS_k3_n100_m429_481 3 0.90 1.01 4.0 311040000 5000 7000
BMS_k3_n100_m429_482 3 0.30 0.36 5.0 311040000 5000 7000
BMS_k3_n100_m429_483 3 0.10 0.20 4.0 311040000 5000 7000
BMS_k3_n100_m429_484 3 104.89 105.32 4.0 311040000 5000 7000
BMS_k3_n100_m429_485 3 0.10 0.14 4.0 311040000 5000 7000
BMS_k3_n100_m429_486 3 0.10 0.19 4.0 311040000 5000 7000
BMS_k3_n100_m429_487 3 0.30 0.36 4.0 311040000 5000 7000
BMS_k3_n100_m429_488 3 0.70 0.77 4.0 311040000 5000 7000
BMS_k3_n100_m429_489 3 0.10 0.18 4.0 311040000 5000 7000
BMS_k3_n100_m429_49 3 2.49 2.54 5.0 311040000 5000 7000
BMS_k3_n100_m429_490 3 0.60 0.70 5.0 311040000 5000 7000
BMS_k3_n100_m429_491 3 0.40 0.42 5.0 311040000 5000 7000
BMS_k3_n100_m429_492 3 1.60 1.70 4.0 311040000 5000 7000
BMS_k3_n100_m429_493 3 24.41 24.60 4.0 311040000 5000 7000
BMS_k3_n100_m429_494 3 0.10 0.19 4.0 311040000 5000 7000
BMS_k3_n100_m429_495 3 0.10 0.15 4.0 311040000 5000 7000
BMS_k3_n100_m429_496 3 1.99 2.09 5.0 311040000 5000 7000
BMS_k3_n100_m429_497 3 0.30 0.39 4.0 311040000 5000 7000
BMS_k3_n100_m429_498 3 573.30 575.48 4.0 311040000 5000 7000
BMS_k3_n100_m429_499 3 0.20 0.22 4.0 311040000 5000 7000
BMS_k3_n100_m429_5 3 0.70 0.75 5.0 311040000 5000 7000
BMS_k3_n100_m429_50 3 16.04 16.14 4.0 311040000 5000 7000
BMS_k3_n100_m429_51 3 33.18 33.31 4.0 311040000 5000 7000
BMS_k3_n100_m429_52 3 9.46 9.59 4.0 311040000 5000 7000
BMS_k3_n100_m429_53 3 0.40 0.48 5.0 311040000 5000 7000
BMS_k3_n100_m429_54 3 9.86 9.97 4.0 311040000 5000 7000
BMS_k3_n100_m429_55 3 1.50 1.55 5.0 311040000 5000 7000
BMS_k3_n100_m429_56 3 0.00 0.06 0.0 311040000 5000 7000
BMS_k3_n100_m429_57 3 0.30 0.32 5.0 311040000 5000 7000
BMS_k3_n100_m429_58 3 8.46 8.56 4.0 311040000 5000 7000
BMS_k3_n100_m429_59 3 0.60 0.65 5.0 311040000 5000 7000
BMS_k3_n100_m429_6 3 0.80 0.91 5.0 311040000 5000 7000
BMS_k3_n100_m429_60 3 1.69 1.78 6.0 311040000 5000 7000
BMS_k3_n100_m429_61 3 0.20 0.24 5.0 311040000 5000 7000
BMS_k3_n100_m429_62 3 7.37 7.44 4.0 311040000 5000 7000
BMS_k3_n100_m429_63 3 0.20 0.23 4.0 311040000 5000 7000
BMS_k3_n100_m429_64 3 0.20 0.24 4.0 311040000 5000 7000
BMS_k3_n100_m429_65 3 0.10 0.15 4.0 311040000 5000 7000
BMS_k3_n100_m429_66 3 0.90 0.93 4.0 311040000 5000 7000
BMS_k3_n100_m429_67 3 0.10 0.15 4.0 311040000 5000 7000
BMS_k3_n100_m429_68 3 0.20 0.28 4.0 311040000 5000 7000
BMS_k3_n100_m429_69 3 0.60 0.69 4.0 311040000 5000 7000
BMS_k3_n100_m429_7 3 0.40 0.42 5.0 311040000 5000 7000
BMS_k3_n100_m429_70 3 0.90 1.00 5.0 311040000 5000 7000
BMS_k3_n100_m429_71 3 0.10 0.19 4.0 311040000 5000 7000
BMS_k3_n100_m429_72 3 13.94 14.07 5.0 311040000 5000 7000
BMS_k3_n100_m429_73 3 1.20 1.24 6.0 311040000 5000 7000
BMS_k3_n100_m429_74 3 0.90 0.93 4.0 311040000 5000 7000
BMS_k3_n100_m429_75 3 4.68 4.75 4.0 311040000 5000 7000
BMS_k3_n100_m429_76 3 0.10 0.16 4.0 311040000 5000 7000
BMS_k3_n100_m429_77 3 0.10 0.14 4.0 311040000 5000 7000
BMS_k3_n100_m429_78 3 0.40 0.48 5.0 311040000 5000 7000
BMS_k3_n100_m429_79 3 1.39 1.42 5.0 311040000 5000 7000
BMS_k3_n100_m429_8 3 0.30 0.40 4.0 311040000 5000 7000
BMS_k3_n100_m429_80 3 0.10 0.17 4.0 311040000 5000 7000
BMS_k3_n100_m429_81 3 1.49 1.59 4.0 311040000 5000 7000
BMS_k3_n100_m429_82 3 0.30 0.41 4.0 311040000 5000 7000
BMS_k3_n100_m429_83 3 0.70 0.79 5.0 311040000 5000 7000
BMS_k3_n100_m429_84 3 1.29 1.41 6.0 311040000 5000 7000
BMS_k3_n100_m429_85 3 0.40 0.50 5.0 311040000 5000 7000
BMS_k3_n100_m429_86 3 0.30 0.33 5.0 311040000 5000 7000
BMS_k3_n100_m429_87 3 9.16 9.26 4.0 311040000 5000 7000
BMS_k3_n100_m429_88 3 34.08 34.21 4.0 311040000 5000 7000
BMS_k3_n100_m429_89 3 0.40 0.44 5.0 311040000 5000 7000
BMS_k3_n100_m429_9 3 3.09 3.20 5.0 311040000 5000 7000
BMS_k3_n100_m429_90 3 0.10 0.18 4.0 311040000 5000 7000
BMS_k3_n100_m429_91 3 0.00 0.10 0.0 311040000 5000 7000
BMS_k3_n100_m429_92 3 3.59 3.62 4.0 311040000 5000 7000
BMS_k3_n100_m429_93 1 4978.09 5000.05 4.0 311040000 5000 7000
BMS_k3_n100_m429_94 3 0.80 0.86 4.0 311040000 5000 7000
BMS_k3_n100_m429_95 3 0.40 0.51 3.0 311040000 5000 7000
BMS_k3_n100_m429_96 3 0.20 0.22 4.0 311040000 5000 7000
BMS_k3_n100_m429_97 3 0.30 0.36 4.0 311040000 5000 7000
BMS_k3_n100_m429_98 3 0.50 0.52 4.0 311040000 5000 7000
BMS_k3_n100_m429_99 3 4.39 4.47 4.0 311040000 5000 7000
results-BC.csv.xz 10 0.00 0.01 0.0 311040000 5000 7000
