 result time real space tlim rlim slim
ais10 3 1.89 1.92 9.0 311040000 5000 7000
ais12 3 143.31 144.20 79.0 311040000 5000 7000
ais6 3 0.00 0.01 0.0 311040000 5000 7000
ais8 3 0.00 0.04 0.0 311040000 5000 7000
anomaly 10 0.00 0.01 0.0 311040000 5000 7000
bw_large.a 10 0.00 0.01 0.0 311040000 5000 7000
bw_large.b 3 0.00 0.01 0.0 311040000 5000 7000
bw_large.c 3 0.00 0.08 0.0 311040000 5000 7000
bw_large.d 3 2.07 2.20 10.0 311040000 5000 7000
huge 10 0.00 0.01 0.0 311040000 5000 7000
logistics.a 1 4981.16 5000.05 3.0 311040000 5000 7000
logistics.b 1 4973.65 5000.05 3.0 311040000 5000 7000
logistics.c 1 4979.85 5000.05 4.0 311040000 5000 7000
logistics.d 1 4979.01 5000.05 4.0 311040000 5000 7000
medium 3 0.00 0.01 0.0 311040000 5000 7000
qg1-07 3 0.00 0.02 0.0 311040000 5000 7000
qg1-08 3 2.19 2.30 11.0 311040000 5000 7000
qg2-07 3 0.00 0.02 0.0 311040000 5000 7000
qg2-08 3 0.90 0.91 10.0 311040000 5000 7000
qg3-08 3 0.00 0.02 0.0 311040000 5000 7000
qg3-09 20 0.79 0.85 7.0 311040000 5000 7000
qg4-08 20 0.00 0.01 0.0 311040000 5000 7000
qg4-09 3 1.10 1.13 7.0 311040000 5000 7000
qg5-09 20 0.00 0.01 0.0 311040000 5000 7000
qg5-10 20 0.00 0.01 0.0 311040000 5000 7000
qg5-11 3 0.00 0.03 0.0 311040000 5000 7000
qg5-12 20 0.00 0.05 0.0 311040000 5000 7000
qg5-13 20 0.90 0.99 12.0 311040000 5000 7000
qg6-09 3 0.00 0.01 0.0 311040000 5000 7000
qg6-10 20 0.00 0.01 0.0 311040000 5000 7000
qg6-11 20 0.00 0.09 0.0 311040000 5000 7000
qg6-12 20 0.79 0.85 8.0 311040000 5000 7000
qg7-09 3 0.00 0.01 0.0 311040000 5000 7000
qg7-10 20 0.00 0.01 0.0 311040000 5000 7000
qg7-11 20 0.00 0.02 0.0 311040000 5000 7000
qg7-12 20 0.00 0.11 0.0 311040000 5000 7000
qg7-13 3 1.89 1.93 12.0 311040000 5000 7000
